X.shape=(2, 400),X=[[ 1.20444229e+00  1.58709904e-01  9.52471960e-02  3.49178475e-01
   6.94150378e-01  1.62065038e+00  1.53856225e+00  3.63085641e-02
   4.74591109e-01  1.65695828e-01  1.66446249e+00  8.40285720e-01
   2.61695163e-01  2.31614896e-01  1.58013020e+00  6.35509950e-03
   6.80610419e-01  1.21400432e-01  1.13281261e+00  1.61505892e+00
   1.66454441e-01  1.72438241e+00  1.88667246e+00  1.72327227e+00
   1.54661332e+00  9.84590400e-01  1.45313345e+00  7.49043388e-01
   1.45048341e+00  1.64287865e+00  1.28141487e+00  1.59574104e+00
   1.46298294e+00  1.46629048e+00  1.54348961e+00  1.57013416e+00
   1.22995404e+00  1.31142345e+00 -1.99364553e+00  3.94564752e-01
   1.51715449e+00  1.69169139e+00  1.74186686e+00 -2.91373382e+00
   7.52150898e-01  1.68537303e+00  3.71160238e-01 -3.73033884e+00
   3.52484080e-01 -1.48694206e+00 -7.45290416e-01  5.63807442e-01
   1.27093179e+00  5.35133607e-01 -1.71330375e-01 -2.50197293e+00
  -2.63275448e+00 -3.15561550e+00 -2.11022490e+00 -3.51303563e+00
  -3.52018155e-02 -3.99843114e+00 -3.08095445e+00 -1.79023024e+00
  -3.37520544e+00 -2.38578575e+00 -3.54741267e+00 -2.92344384e+00
  -1.01009705e+00 -3.02185838e-01 -1.47947199e-01 -2.41113498e+00
  -3.52065970e+00 -3.09762480e+00 -3.86453574e+00  3.46287902e-02
  -3.81297733e+00 -2.54941164e+00 -3.61833546e+00 -2.31720968e+00
  -3.85843301e+00 -3.77182528e+00 -3.22643424e+00 -2.49748107e+00
  -2.94157976e+00 -2.91391859e+00 -3.70623964e+00 -1.95265709e+00
  -2.66020434e+00  8.17304141e-01  1.21768512e+00 -1.66246175e+00
  -2.75111411e+00 -3.31873701e+00 -2.14063182e-01 -1.09902222e+00
  -1.94767785e+00 -4.99991014e-01 -2.52618507e+00  1.96360773e+00
  -1.02715843e+00  3.03248341e+00  1.51559027e+00  2.21864283e+00
  -2.40385821e+00  2.00630521e+00  3.17911628e+00 -1.45188351e+00
   1.21496393e+00  2.04613301e+00 -1.62182614e+00  3.17993200e+00
   3.96799188e+00  3.29897728e-01  4.07816588e+00 -3.17566012e-01
   3.31129113e+00 -9.52809386e-01  3.03768998e+00  3.55052992e+00
   3.55990775e+00  2.33663285e+00  2.31352433e+00  2.79495212e-01
   1.51862547e-01  1.96155941e+00  5.47353260e-01  3.49044034e+00
   2.72566042e+00  2.13606508e+00  3.67042248e+00  3.92260947e+00
   3.08862031e+00  1.92948433e+00  1.38946995e+00  3.51428218e+00
   1.13035696e+00  3.33545460e+00  9.15905230e-03  1.68097254e+00
   2.30710971e+00  2.21404832e+00 -5.31842726e-01 -3.45874829e-01
  -9.83826601e-02  6.55029428e-01  5.83612433e-01 -7.68172854e-01
  -5.52725703e-02 -1.25961956e+00  9.42805936e-01  3.77681531e+00
  -1.70922458e+00 -1.08169517e+00 -1.40307039e+00 -6.43634519e-01
  -6.32543454e-01 -8.53713550e-01 -1.22772526e+00  9.50740231e-01
  -5.97375125e-01  5.01933176e-01 -1.88988467e+00 -1.23602220e+00
  -1.74861600e+00 -1.48828262e+00 -1.27810421e+00 -1.99338361e+00
  -6.80758371e-02  1.07968241e+00 -1.49733014e+00 -1.02248497e+00
  -6.88068627e-02 -1.77284297e+00 -1.42903599e+00 -1.63191608e+00
  -1.57413453e-01 -1.69732959e+00 -7.20691107e-01 -1.49836618e+00
  -1.53285135e+00 -7.83079289e-01 -5.65545945e-01 -4.28247557e-03
  -9.54816172e-01 -1.43027299e+00 -1.99139039e-01 -3.93228458e-01
  -3.13917579e-01 -5.55629383e-01 -5.61729204e-02 -5.84257606e-02
  -8.07037000e-01 -1.86016879e-01 -9.65590226e-03 -1.52664558e+00
  -2.32543323e-02 -2.11665124e-02 -2.37912887e-01 -5.85846410e-01
  -1.07049581e+00 -2.32905994e-03 -9.27980849e-02 -9.24081181e-01
  -4.27415411e-02 -7.88306156e-02 -1.35471230e+00 -9.64506801e-02
  -4.88903965e-01 -1.40428145e+00 -1.03032194e-01 -1.76823043e+00
  -1.81435331e+00 -4.03453231e-01 -1.13007684e+00 -3.30143778e-01
  -1.03592948e-01 -1.62823990e+00 -1.27072988e+00 -3.24165041e-01
  -8.31515613e-01 -1.15541550e+00 -8.81319474e-01 -5.14135967e-01
  -3.41907953e-01 -1.50008474e+00 -1.09546543e+00 -1.71840632e+00
  -1.68448953e+00 -1.23608462e+00 -8.06782295e-01 -1.06026703e+00
  -1.25449646e+00 -1.71040125e+00 -4.54245598e-01 -1.78717499e+00
  -1.26536725e+00 -2.93821146e-01 -4.04645730e-01  2.03128629e+00
  -1.02564465e+00 -1.07882287e+00 -1.48728331e+00  1.52973464e+00
  -1.39893030e+00 -3.67322611e-01 -1.53385549e+00  1.75371064e+00
  -1.15897743e+00  2.94968569e+00 -1.38165997e+00  2.41200118e+00
   1.48331333e+00 -1.29300070e+00  3.02838862e+00 -1.14374794e+00
  -1.06870636e+00  2.70728746e+00 -2.29022863e-01  1.80385877e-01
   7.87999977e-01 -1.65291432e-01  3.73979818e+00  3.48775653e+00
   2.08377776e+00  2.36553487e+00  3.47039369e+00  2.42914859e+00
   3.90210781e+00  2.03812322e+00  4.04388429e+00  3.15341019e+00
   3.09441731e+00  1.00077505e+00  3.22109077e+00  3.03895157e+00
  -1.10566174e-01  1.45338553e+00  3.42704770e+00  3.16377425e+00
   3.06435279e+00  2.97153034e+00  3.66817242e+00  1.81576373e+00
  -6.52056092e-01  2.39565436e+00 -1.83495474e-02 -1.85426248e+00
  -7.55084589e-02  3.68327360e+00  3.01854545e+00  6.67169560e-01
   3.21959504e+00  6.71420203e-01  3.62660798e+00  3.41692475e+00
  -4.99555802e-01  2.82564692e+00  3.67261725e+00  7.88007167e-01
   3.86155325e+00 -2.85587710e-01  2.28420287e+00  2.81396650e-01
   3.13503544e-01 -1.43368358e+00  9.57195160e-01 -1.85436896e+00
   3.81805817e-01 -2.78967630e+00 -3.28548806e+00 -2.22349866e+00
  -2.78061591e+00  8.26303188e-01 -3.72885115e+00 -1.23292968e+00
  -9.58935652e-01 -3.85811062e+00 -3.59301074e+00 -3.19689248e+00
  -2.12766839e+00 -2.96424870e+00 -3.60274154e+00 -1.17472896e+00
  -2.58752094e+00 -3.16293962e+00 -1.72757867e+00 -3.45341213e+00
  -2.81273166e+00 -1.03553265e+00 -3.15675590e-01 -3.70141041e+00
  -4.21189811e+00 -2.46094977e+00 -3.43569797e+00 -3.34469058e+00
  -1.38193635e+00 -3.17949403e+00 -2.42119633e+00 -1.33643509e+00
  -3.06299272e+00 -3.56504553e+00 -3.34451075e+00  7.77655270e-01
  -2.98030710e+00 -3.55225078e+00 -1.82974404e+00  1.46532816e+00
   1.56688198e+00 -2.96543364e+00 -9.60755845e-01 -3.37890943e+00
   1.47135345e+00 -3.02829566e+00  7.50982262e-03  1.79730919e+00
   3.91077683e-01  1.63881069e+00 -8.84278418e-01  1.56546135e+00
   1.59529239e+00  1.27139537e+00  1.40701977e+00  1.58125802e+00
  -1.72159327e+00  5.68722722e-01  1.60960641e+00  1.70849761e+00
   3.77494361e-02  1.77885147e+00  1.57017560e+00  1.31626221e+00
   1.45580659e+00  9.95670227e-02  1.49806312e+00  1.19805866e+00
   1.30759534e+00  1.69066279e+00  1.54457758e+00  3.36164302e-01
   4.71520896e-01  1.79332637e+00  1.75802645e+00  1.11059510e+00
   2.25410298e-02  1.03402966e+00  1.46010385e-01  1.50301824e+00
   5.29563078e-01  7.23526086e-01  1.24444151e+00  7.11308695e-01
   3.65824427e-02  5.96719268e-01  1.77160218e-01  4.50367941e-01
   3.75726453e-02  2.13641164e-01  3.24386893e-01  7.30780825e-01]
 [ 3.57611415e+00 -1.48217090e+00 -1.27995533e+00 -2.06437997e+00
   2.88910878e+00 -4.03512400e+00  3.24255518e+00 -8.53952855e-01
   2.47793820e+00  1.81117216e+00  3.45270042e+00 -3.44017638e+00
   2.10549647e+00  1.81380501e+00  3.30267114e+00  4.18131769e-01
   3.09636434e+00  1.33096004e+00  3.78708833e+00  3.67113005e+00
   1.77614048e+00  2.76152023e+00  3.25544108e+00  3.46859174e+00
   2.48644177e+00  3.77377130e+00  3.60609974e+00  3.11254032e+00
   3.57519059e+00  2.61610253e+00  3.71658382e+00  3.70508842e+00
   3.83692688e+00  4.03764347e+00  3.66278004e+00  2.58286653e+00
   3.46644213e+00  1.81009586e+00 -1.49385117e+00  4.15245354e-01
   2.27195929e+00  3.36955063e+00  3.12091874e+00 -1.81920100e+00
   8.92965442e-01  2.58295944e+00  3.90987436e-01 -1.63847358e+00
   3.58745594e-01 -1.20025645e+00 -6.62747682e-01  6.31091667e-01
   1.91148705e+00  5.61807626e-01 -1.64789940e-01 -1.67941725e+00
  -1.52497835e+00 -1.68684842e+00 -1.45714301e+00 -1.77895038e+00
  -3.48915965e-02 -1.52257926e+00 -1.66776383e+00 -1.34036665e+00
  -1.71311210e+00 -1.51851549e+00 -1.13514717e+00 -6.42637843e-01
  -6.83366271e-02 -2.92017074e-01 -1.41218116e-01 -1.50670574e+00
  -1.52995707e+00 -7.94385720e-01 -1.39958852e+00  3.56093081e-02
  -1.79730878e+00 -5.11392884e-01 -1.12667182e+00 -4.21185479e-01
  -1.45669050e+00 -1.33847132e+00 -8.16479132e-01 -4.73790481e-01
  -6.39753507e-01 -6.34286374e-01 -1.38061641e+00 -2.57794858e-01
  -4.47701819e-01 -4.12904131e-02 -9.76752768e-02 -1.78618154e-01
  -5.67541671e-01 -8.13740301e-01 -2.63923558e-03 -7.25097028e-02
  -2.63437687e-01 -2.06478223e-02 -4.03305715e-01 -2.38704899e-01
  -9.51626957e-02 -7.98991813e-01 -1.66006988e-01 -3.64406026e-01
  -3.86024370e-01 -2.20189574e-01 -7.75370339e-01 -1.22170582e-01
  -8.42420756e-02 -2.98099361e-01 -1.96869702e-01 -7.53075017e-01
  -1.46831842e+00 -9.55610600e-03 -1.20211122e+00 -9.60546773e-03
  -8.10882920e-01 -5.68346353e-02 -1.67347742e+00 -1.40460974e+00
  -1.12343152e+00 -4.04122779e-01 -1.57164755e+00 -2.60933944e-01
  -2.62404061e-04 -1.44902115e+00 -4.90044260e-01 -1.85263115e+00
  -5.41699195e-01 -1.53914207e+00 -1.68871377e+00 -1.48674074e+00
  -7.97674459e-01 -1.39073589e+00 -1.14367531e+00 -1.57393834e+00
  -8.87426686e-01 -1.21102011e+00 -8.58734620e-03 -1.19452167e+00
  -1.53428360e+00 -1.57898433e+00  5.80732218e-01  3.71643284e-01
   9.98470127e-02 -5.86327973e-01 -5.26306388e-01  8.87962668e-01
   5.64689692e-02  1.59318262e+00 -8.25136845e-01 -1.20845750e+00
   2.78336582e+00  3.43105607e+00  1.88901133e+00  7.17082698e-01
   7.16776955e-01  1.00558709e+00  1.57888938e+00 -7.97008734e-01
   6.58892564e-01 -4.71381742e-01  3.06914837e+00  1.64172117e+00
   3.43138378e+00  2.22472260e+00  3.59356305e+00  3.82338186e+00
   9.78172883e-01 -9.08628545e-01  2.16232645e+00  3.55191556e+00
  -1.13111936e+00  3.41399524e+00  3.33509092e+00  3.43837535e+00
   1.35204653e+00  3.76053347e+00  3.30301665e+00  3.55267433e+00
   2.37056808e+00  3.18484540e+00  2.98100486e+00  3.10265302e-01
   3.33480741e+00  3.74789034e+00  1.75698786e+00  2.41233915e+00
   2.26160198e+00  2.84308753e+00 -8.08464256e-01  7.97601218e-01
  -3.16602301e+00 -1.73923341e+00 -3.03300460e-01  3.51448929e+00
  -4.48211450e-01 -6.80222539e-01 -1.89461587e+00 -3.09125994e+00
   3.68252461e+00 -2.48775165e-01 -1.11264583e+00 -3.31287149e+00
   9.83064901e-01 -1.06200552e+00  3.64306307e+00  1.23598454e+00
  -2.48635569e+00 -3.96546091e+00 -1.30407633e+00 -2.80700115e+00
  -3.17916299e+00 -2.34899616e+00  3.86016046e+00  2.31046192e+00
  -1.40325115e+00 -3.22048585e+00 -3.80050197e+00  2.25857585e+00
  -3.30857362e+00 -1.58359847e+00 -3.47513222e+00 -2.68758875e+00
  -3.55711876e-01 -3.74431790e+00 -3.66810701e+00 -3.36824403e+00
  -3.76359366e+00 -3.41537451e+00 -9.76623415e-01 -1.29100568e+00
  -1.65608598e+00 -3.32409572e+00 -4.96630821e-01 -3.14165698e+00
  -1.71322197e+00 -3.05909111e-01 -4.46777005e-01  1.45931378e+00
  -1.22812034e+00 -3.69037212e+00 -3.47057694e+00  1.15856433e+00
  -2.03606086e+00 -3.85511111e-01 -2.62194406e+00  1.34798304e+00
  -1.51195709e+00  1.73829518e+00 -1.79547235e+00  1.54317462e+00
   1.10954960e+00 -1.64931941e+00  1.75797432e+00 -1.47251063e+00
  -1.28986402e+00  1.67620531e+00 -2.39669870e-01  1.80650988e-01
   6.91778881e-01 -1.82942022e-01  1.63134904e+00  1.82884977e+00
   1.43428651e+00  1.60094812e+00  1.75230668e+00  4.64326857e-01
   1.43351617e+00  1.43138441e+00  1.42782215e+00  1.73492674e+00
   1.70395009e+00  7.47685370e-02  1.82710034e+00  1.70923867e+00
  -1.11868340e-01  1.14112185e+00  9.82679506e-01  1.69883486e+00
   7.33791653e-01  1.80316095e+00  1.81840953e+00  2.85892703e-01
   1.09388890e-02  3.40608544e-01 -8.22267713e-05  2.09582869e-01
  -3.52827719e-04  1.47413722e+00  6.19443662e-01  2.64445438e-02
   7.63859684e-01  2.95005667e-02  1.68281773e+00  9.40761147e-01
   9.24913182e-03  1.61411623e+00  1.04594113e+00  3.45145694e-02
   1.49077794e+00  7.29051825e-04  3.52475534e-01  1.00877527e-02
   4.27419191e-03  1.31839708e-01  4.14122283e-02  1.91933665e-01
   7.39039595e-03  6.46626879e-01  1.67303451e+00  4.21369487e-01
   5.56612529e-01  4.42761985e-02  1.29232912e+00  7.28430003e-02
   6.19710137e-02  1.42351448e+00  1.08735728e+00  1.72484190e+00
   1.38667445e+00  5.90891086e-01  1.29900039e+00  9.65871130e-01
   1.56881569e+00  1.76930017e+00  1.29792183e+00  9.84995600e-01
   1.69277814e+00  8.93630841e-01  3.06091086e-01  1.14596763e+00
   1.91549748e+00  1.57524026e+00  1.66266665e+00  1.59850516e+00
   1.10993370e+00  1.67500495e+00  5.25296992e-01  1.03566638e+00
   1.74435925e+00  1.81971221e+00  1.11128726e+00 -8.89501086e-01
   6.66069451e-01  1.26100476e+00  1.36655852e+00 -2.08468516e+00
  -2.38718334e+00  1.66924896e+00  8.49203268e-01  1.72895893e+00
  -2.25643833e+00  1.69824962e+00 -7.63165462e-03 -3.09272026e+00
  -4.09952810e-01 -3.79499252e+00  7.61286324e-01 -2.30558737e+00
  -3.03467556e+00 -1.61502125e+00 -3.90266394e+00 -2.90841129e+00
   1.31250839e+00  2.59847860e+00 -3.50186707e+00 -2.96039129e+00
  -3.60098795e-02 -3.27807629e+00 -2.34587605e+00 -3.56919962e+00
  -3.51991588e+00 -1.23848616e+00 -3.47814659e+00 -3.65480564e+00
  -3.82629239e+00 -3.80826364e+00 -3.56242008e+00 -2.44646389e+00
  -2.51865217e+00 -3.70032292e+00 -2.98399234e+00 -3.49686963e+00
  -4.88897726e-01 -3.76272064e+00  1.42253750e+00 -3.69488964e+00
  -2.79391432e+00 -8.53390853e-01 -3.97467897e+00 -3.03195393e+00
  -7.20267166e-01  2.87171160e+00 -1.53928239e+00  2.40812143e+00
   8.91600979e-01  1.73201591e+00 -2.11632466e+00  3.06832921e+00]]
Y.shape=(1, 400),Y=[[0 0 0 0 0 0 0 0 0 0 0 0 0 0 0 0 0 0 0 0 0 0 0 0 0 0 0 0 0 0 0 0 0 0 0 0
  0 0 0 0 0 0 0 0 0 0 0 0 0 0 0 0 0 0 0 0 0 0 0 0 0 0 0 0 0 0 0 0 0 0 0 0
  0 0 0 0 0 0 0 0 0 0 0 0 0 0 0 0 0 0 0 0 0 0 0 0 0 0 0 0 0 0 0 0 0 0 0 0
  0 0 0 0 0 0 0 0 0 0 0 0 0 0 0 0 0 0 0 0 0 0 0 0 0 0 0 0 0 0 0 0 0 0 0 0
  0 0 0 0 0 0 0 0 0 0 0 0 0 0 0 0 0 0 0 0 0 0 0 0 0 0 0 0 0 0 0 0 0 0 0 0
  0 0 0 0 0 0 0 0 0 0 0 0 0 0 0 0 0 0 0 0 1 1 1 1 1 1 1 1 1 1 1 1 1 1 1 1
  1 1 1 1 1 1 1 1 1 1 1 1 1 1 1 1 1 1 1 1 1 1 1 1 1 1 1 1 1 1 1 1 1 1 1 1
  1 1 1 1 1 1 1 1 1 1 1 1 1 1 1 1 1 1 1 1 1 1 1 1 1 1 1 1 1 1 1 1 1 1 1 1
  1 1 1 1 1 1 1 1 1 1 1 1 1 1 1 1 1 1 1 1 1 1 1 1 1 1 1 1 1 1 1 1 1 1 1 1
  1 1 1 1 1 1 1 1 1 1 1 1 1 1 1 1 1 1 1 1 1 1 1 1 1 1 1 1 1 1 1 1 1 1 1 1
  1 1 1 1 1 1 1 1 1 1 1 1 1 1 1 1 1 1 1 1 1 1 1 1 1 1 1 1 1 1 1 1 1 1 1 1
  1 1 1 1]]

init_parameters1:
W1.shape=(4, 2) b1.shape=(4, 1) W2.shape=(1, 4) b2.shape=(1, 1)
W1=[[-0.00416758 -0.00056267]
 [-0.02136196  0.01640271]
 [-0.01793436 -0.00841747]
 [ 0.00502881 -0.01245288]]
b1=[[0.]
 [0.]
 [0.]
 [0.]]
W2=[[-0.01057952 -0.00909008  0.00551454  0.02292208]]
b2=[[0.]]

print_count=2	forward_propagation
X.shape=(2, 400),Y.shape=(1, 400)
W1.shape=(4, 2),b1.shape=(4, 1),W2.shape=(1, 4),b2.shape=(1, 1)
Z1.shape=(4, 400),A1.shape=(4, 400),Z2.shape=(1, 400),A2.shape=(1, 400)
W1=[[-0.00416758 -0.00056267]
 [-0.02136196  0.01640271]
 [-0.01793436 -0.00841747]
 [ 0.00502881 -0.01245288]]
b1=[[0.]
 [0.]
 [0.]
 [0.]]
W2=[[-0.01057952 -0.00909008  0.00551454  0.02292208]]
b2=[[0.]]
Z1=[[-0.00703177  0.00017253  0.00032324 ... -0.00186492 -0.00016112
  -0.00477204]
 [ 0.03292871 -0.02770197 -0.0230294  ...  0.02384596 -0.041643
   0.034718  ]
 [-0.05170274  0.00962977  0.00906579 ... -0.01841071  0.01199644
  -0.03893366]
 [-0.03847601  0.01925542  0.01641811 ... -0.02049423  0.02798562
  -0.03453458]]
A1=[[-0.00703166  0.00017253  0.00032324 ... -0.00186491 -0.00016112
  -0.004772  ]
 [ 0.03291681 -0.02769489 -0.02302533 ...  0.02384144 -0.04161894
   0.03470405]
 [-0.05165672  0.00962948  0.00906554 ... -0.01840864  0.01199586
  -0.038914  ]
 [-0.03845703  0.01925304  0.01641664 ... -0.02049136  0.02797832
  -0.03452085]]
Z2=[[-1.39120298e-03  7.44345187e-04  6.32178052e-04  1.06915026e-03
  -1.19514714e-03  2.32481575e-03 -1.14787931e-03  4.14864953e-04
  -1.05589373e-03 -8.17994181e-04 -1.21551576e-03  1.84605919e-03
  -9.33288126e-04 -8.02467828e-04 -1.16581534e-03 -1.96997895e-04
  -1.29692347e-03 -6.01253094e-04 -1.50948494e-03 -1.33172272e-03
  -8.01169244e-04 -8.72234607e-04 -1.06529498e-03 -1.20807237e-03
  -7.86951109e-04 -1.54087748e-03 -1.34211356e-03 -1.28718774e-03
  -1.32812655e-03 -8.23975099e-04 -1.43823352e-03 -1.35275061e-03
  -1.44908550e-03 -1.54342130e-03 -1.34598973e-03 -8.26733695e-04
  -1.33268788e-03 -5.25736961e-04  2.01738164e-04 -9.67712378e-05
  -6.92628264e-04 -1.16912716e-03 -1.03835946e-03  1.21721444e-04
  -2.32620091e-04 -7.97412681e-04 -9.12086138e-05 -1.72113018e-04
  -8.06494422e-05  1.91409160e-04  1.25017737e-04 -1.56199279e-04
  -5.84199439e-04 -1.30591746e-04  3.46490303e-05  1.60309800e-04
   5.36693340e-05 -2.73464055e-06  1.54604129e-04 -5.01124579e-05
   7.61004825e-06 -2.95350634e-04  7.23380461e-06  1.80682387e-04
  -4.62273409e-05  1.13529878e-04 -3.64257301e-04 -4.39098313e-04
  -2.24739538e-04  6.17613081e-05  2.94065422e-05  1.01464058e-04
  -1.70176050e-04 -4.11426088e-04 -3.19577312e-04 -8.09688847e-06
  -1.17831739e-04 -4.06201020e-04 -3.86327819e-04 -3.89923873e-04
  -2.90946323e-04 -3.24956328e-04 -4.33721930e-04 -4.10831572e-04
  -4.45081208e-04 -4.40637044e-04 -2.88271732e-04 -3.74707142e-04
  -4.64615562e-04  2.27721514e-04  3.56423085e-04 -3.38438534e-04
  -4.30881295e-04 -4.58506087e-04 -5.32560434e-05 -2.45397092e-04
  -3.70761102e-04 -1.17509644e-04 -4.51585083e-04  6.13166170e-04
  -2.16342790e-04  1.15037769e-03  4.64684270e-04  7.37660560e-04
  -4.28661284e-04  6.15237710e-04  1.17637017e-03 -3.11640929e-04
   3.49351485e-04  6.62339614e-04 -3.19429425e-04  1.16601461e-03
   1.70393982e-03  8.85449345e-05  1.60592450e-03 -7.63029895e-05
   1.22669961e-03 -2.15616986e-04  1.56583194e-03  1.56832037e-03
   1.43764597e-03  7.86491955e-04  1.33420027e-03  1.95114935e-04
   3.87954594e-05  1.18680217e-03  3.72129611e-04  1.76502735e-03
   9.50563109e-04  1.27379655e-03  1.73298131e-03  1.70118753e-03
   1.16398992e-03  1.15102587e-03  8.96670326e-04  1.63925582e-03
   7.09170525e-04  1.42228935e-03  6.41140318e-06  9.94863125e-04
   1.31486828e-03  1.31245605e-03 -4.11251348e-04 -2.64601183e-04
  -7.24810385e-05  4.45264606e-04  3.98581442e-04 -6.17289889e-04
  -4.08983173e-05 -1.07695040e-03  6.31891184e-04  1.53275028e-03
  -1.75508598e-03 -1.90287851e-03 -1.25368677e-03 -5.04457860e-04
  -5.01489944e-04 -6.94897792e-04 -1.06206726e-03  6.20555132e-04
  -4.65050672e-04  3.51703629e-04 -1.93605075e-03 -1.09398234e-03
  -2.07170476e-03 -1.43446039e-03 -2.02949055e-03 -2.31877776e-03
  -4.81948589e-04  7.06346610e-04 -1.40718049e-03 -1.94510260e-03
   5.19738545e-04 -2.06960150e-03 -1.94535522e-03 -2.04552282e-03
  -6.82231325e-04 -2.21438771e-03 -1.75078830e-03 -2.06583620e-03
  -1.51487836e-03 -1.71062242e-03 -1.55885096e-03 -1.48469826e-04
  -1.82517490e-03 -2.14096206e-03 -8.85098902e-04 -1.24543790e-03
  -1.15376895e-03 -1.49095621e-03  3.69714018e-04 -3.93731721e-04
   1.29780508e-03  7.78667844e-04  1.41612245e-04 -2.05492092e-03
   2.06982572e-04  3.17716382e-04  8.39230914e-04  1.31860701e-03
  -2.01906964e-03  1.17578049e-04  5.04857512e-04  1.33768624e-03
  -4.77822480e-04  4.84363281e-04 -2.07228109e-03 -6.11604453e-04
   1.05624670e-03  1.52497988e-03  5.93162412e-04  8.82648712e-04
   1.04752815e-03  1.01279676e-03 -2.11818624e-03 -1.18107503e-03
   6.40114772e-04  1.11456122e-03  1.48074995e-03 -1.15493791e-03
   1.35919892e-03  4.57918637e-04  1.42552875e-03  1.14532543e-03
   8.19016257e-05  1.39571752e-03  1.46256557e-03  1.16170062e-03
   1.35789640e-03  1.30690203e-03  2.58441759e-04  3.43196525e-04
   4.67102798e-04  1.14279222e-03  1.20231602e-04  1.03665530e-03
   4.91466749e-04  7.04902106e-05  1.09181759e-04 -1.75747947e-04
   3.22148448e-04  1.47735878e-03  1.26912787e-03 -1.60708166e-04
   6.10743052e-04  8.95845854e-05  8.54528045e-04 -1.93603269e-04
   4.22988155e-04 -7.41590553e-05  5.00898769e-04 -1.18556960e-04
  -1.49255528e-04  4.54080343e-04 -6.34412848e-05  4.08133853e-04
   3.40504662e-04 -1.06462248e-04  5.55266744e-05 -3.98772731e-05
  -1.27930174e-04  4.48092780e-05  1.77901736e-04  1.99970798e-05
  -1.50489990e-04 -1.57825838e-04  5.18868461e-05  3.97934287e-04
   3.13055293e-04 -1.60744284e-04  3.51848854e-04 -2.06425595e-05
  -2.09758213e-05  2.19311487e-04 -4.71340008e-05 -3.76201329e-05
   2.49839142e-05 -1.71873272e-04  4.05937622e-04 -8.74371737e-07
   4.31705952e-04 -9.93777975e-05  7.09258146e-05  3.26525971e-04
  -1.71232273e-04  4.48127927e-04 -4.63354303e-06 -5.71532795e-04
  -1.90601689e-05  2.38069298e-04  4.74298156e-04  1.57324248e-04
   4.56941621e-04  1.56955012e-04  1.24653988e-04  4.23243295e-04
  -1.31599622e-04 -4.68294927e-05  4.38425082e-04  1.84258411e-04
   2.75576505e-04 -7.30690290e-05  4.14136708e-04  6.68637680e-05
   7.78009110e-05 -4.27619131e-04  2.24058265e-04 -5.63182620e-04
   9.37129928e-05 -1.01656022e-03 -1.62829536e-03 -7.65920918e-04
  -9.71586765e-04  1.89372599e-04 -1.56029549e-03 -3.48511378e-04
  -2.73601126e-04 -1.65500463e-03 -1.42895142e-03 -1.63040589e-03
  -1.19939306e-03 -1.03444752e-03 -1.53156064e-03 -7.57691407e-04
  -1.40229931e-03 -1.64285602e-03 -1.05574827e-03 -1.34515573e-03
  -1.51803856e-03 -6.87997227e-04 -2.25776214e-04 -1.48411502e-03
  -1.97670502e-03 -1.37327057e-03 -1.66136201e-03 -1.60800356e-03
  -8.78744039e-04 -1.60242484e-03 -8.65457217e-04 -8.31933251e-04
  -1.60577888e-03 -1.76830338e-03 -1.37736802e-03  6.20432988e-04
  -1.07415318e-03 -1.50081132e-03 -1.11424228e-03  1.36225884e-03
   1.53137742e-03 -1.54554761e-03 -6.47883685e-04 -1.67836575e-03
   1.44519914e-03 -1.57517984e-03  5.53747037e-06  1.92379879e-03
   2.94305701e-04  2.21590423e-03 -5.86684721e-04  1.49235315e-03
   1.84522752e-03  1.09030168e-03  2.20827587e-03  1.78189933e-03
  -1.06114687e-03 -1.08914850e-03  2.06991751e-03  1.83870819e-03
   2.67178371e-05  2.00682926e-03  1.51263942e-03  2.02761309e-03
   2.03958054e-03  6.13585566e-04  2.03050270e-03  2.03822312e-03
   2.14704088e-03  2.23526696e-03  2.08212556e-03  1.24712550e-03
   1.31575613e-03  2.21015730e-03  1.86240913e-03  1.94134887e-03
   2.37969198e-04  2.04779318e-03 -6.38475769e-04  2.13427697e-03
   1.46102629e-03  5.89514500e-04  2.20125600e-03  1.61997869e-03
   3.51439948e-04 -1.21168187e-03  7.76155247e-04 -1.02892150e-03
  -4.13935947e-04 -7.68210283e-04  1.08749678e-03 -1.27085964e-03]]
A2=[[0.4996522  0.50018609 0.50015804 0.50026729 0.49970121 0.5005812
  0.49971303 0.50010372 0.49973603 0.4997955  0.49969612 0.50046151
  0.49976668 0.49979938 0.49970855 0.49995075 0.49967577 0.49984969
  0.49962263 0.49966707 0.49979971 0.49978194 0.49973368 0.49969798
  0.49980326 0.49961478 0.49966447 0.4996782  0.49966797 0.49979401
  0.49964044 0.49966181 0.49963773 0.49961414 0.4996635  0.49979332
  0.49966683 0.49986857 0.50005043 0.49997581 0.49982684 0.49970772
  0.49974041 0.50003043 0.49994184 0.49980065 0.4999772  0.49995697
  0.49997984 0.50004785 0.50003125 0.49996095 0.49985395 0.49996735
  0.50000866 0.50004008 0.50001342 0.49999932 0.50003865 0.49998747
  0.5000019  0.49992616 0.50000181 0.50004517 0.49998844 0.50002838
  0.49990894 0.49989023 0.49994382 0.50001544 0.50000735 0.50002537
  0.49995746 0.49989714 0.49992011 0.49999798 0.49997054 0.49989845
  0.49990342 0.49990252 0.49992726 0.49991876 0.49989157 0.49989729
  0.49988873 0.49988984 0.49992793 0.49990632 0.49988385 0.50005693
  0.50008911 0.49991539 0.49989228 0.49988537 0.49998669 0.49993865
  0.49990731 0.49997062 0.4998871  0.50015329 0.49994591 0.50028759
  0.50011617 0.50018442 0.49989283 0.50015381 0.50029409 0.49992209
  0.50008734 0.50016558 0.49992014 0.5002915  0.50042598 0.50002214
  0.50040148 0.49998092 0.50030667 0.4999461  0.50039146 0.50039208
  0.50035941 0.50019662 0.50033355 0.50004878 0.5000097  0.5002967
  0.50009303 0.50044126 0.50023764 0.50031845 0.50043325 0.5004253
  0.500291   0.50028776 0.50022417 0.50040981 0.50017729 0.50035557
  0.5000016  0.50024872 0.50032872 0.50032811 0.49989719 0.49993385
  0.49998188 0.50011132 0.50009965 0.49984568 0.49998978 0.49973076
  0.50015797 0.50038319 0.49956123 0.49952428 0.49968658 0.49987389
  0.49987463 0.49982628 0.49973448 0.50015514 0.49988374 0.50008793
  0.49951599 0.4997265  0.49948207 0.49964138 0.49949263 0.49942031
  0.49987951 0.50017659 0.4996482  0.49951372 0.50012993 0.4994826
  0.49951366 0.49948862 0.49982944 0.4994464  0.4995623  0.49948354
  0.49962128 0.49957234 0.49961029 0.49996288 0.49954371 0.49946476
  0.49977873 0.49968864 0.49971156 0.49962726 0.50009243 0.49990157
  0.50032445 0.50019467 0.5000354  0.49948627 0.50005175 0.50007943
  0.50020981 0.50032965 0.49949523 0.50002939 0.50012621 0.50033442
  0.49988054 0.50012109 0.49948193 0.4998471  0.50026406 0.50038124
  0.50014829 0.50022066 0.50026188 0.5002532  0.49947045 0.49970473
  0.50016003 0.50027864 0.50037019 0.49971127 0.5003398  0.50011448
  0.50035638 0.50028633 0.50002048 0.50034893 0.50036564 0.50029043
  0.50033947 0.50032673 0.50006461 0.5000858  0.50011678 0.5002857
  0.50003006 0.50025916 0.50012287 0.50001762 0.5000273  0.49995606
  0.50008054 0.50036934 0.50031728 0.49995982 0.50015269 0.5000224
  0.50021363 0.4999516  0.50010575 0.49998146 0.50012522 0.49997036
  0.49996269 0.50011352 0.49998414 0.50010203 0.50008513 0.49997338
  0.50001388 0.49999003 0.49996802 0.5000112  0.50004448 0.500005
  0.49996238 0.49996054 0.50001297 0.50009948 0.50007826 0.49995981
  0.50008796 0.49999484 0.49999476 0.50005483 0.49998822 0.49999059
  0.50000625 0.49995703 0.50010148 0.49999978 0.50010793 0.49997516
  0.50001773 0.50008163 0.49995719 0.50011203 0.49999884 0.49985712
  0.49999523 0.50005952 0.50011857 0.50003933 0.50011424 0.50003924
  0.50003116 0.50010581 0.4999671  0.49998829 0.50010961 0.50004606
  0.50006889 0.49998173 0.50010353 0.50001672 0.50001945 0.4998931
  0.50005601 0.4998592  0.50002343 0.49974586 0.49959293 0.49980852
  0.4997571  0.50004734 0.49960993 0.49991287 0.4999316  0.49958625
  0.49964276 0.4995924  0.49970015 0.49974139 0.49961711 0.49981058
  0.49964943 0.49958929 0.49973606 0.49966371 0.49962049 0.499828
  0.49994356 0.49962897 0.49950582 0.49965668 0.49958466 0.499598
  0.49978031 0.49959939 0.49978364 0.49979202 0.49959856 0.49955792
  0.49965566 0.50015511 0.49973146 0.4996248  0.49972144 0.50034056
  0.50038284 0.49961361 0.49983803 0.49958041 0.5003613  0.49960621
  0.50000138 0.50048095 0.50007358 0.50055398 0.49985333 0.50037309
  0.50046131 0.50027258 0.50055207 0.50044547 0.49973471 0.49972771
  0.50051748 0.50045968 0.50000668 0.50050171 0.50037816 0.5005069
  0.50050989 0.5001534  0.50050763 0.50050956 0.50053676 0.50055882
  0.50052053 0.50031178 0.50032894 0.50055254 0.5004656  0.50048534
  0.50005949 0.50051195 0.49984038 0.50053357 0.50036526 0.50014738
  0.50055031 0.50040499 0.50008786 0.49969708 0.50019404 0.49974277
  0.49989652 0.49980795 0.50027187 0.49968229]]

print_count=2	compute_cost
cost=0.6930480201239823

print_count=2	backward_propagation
X.shape=(2, 400),Y.shape=(1, 400)
W1.shape=(4, 2),W2.shape=(1, 4)
A1.shape=(4, 400),A2.shape=(1, 400)
dW1.shape=(4, 2),db1.shape=(4, 1),dW2.shape=(1, 4),db2.shape=(1, 1)
X=[[ 1.20444229e+00  1.58709904e-01  9.52471960e-02  3.49178475e-01
   6.94150378e-01  1.62065038e+00  1.53856225e+00  3.63085641e-02
   4.74591109e-01  1.65695828e-01  1.66446249e+00  8.40285720e-01
   2.61695163e-01  2.31614896e-01  1.58013020e+00  6.35509950e-03
   6.80610419e-01  1.21400432e-01  1.13281261e+00  1.61505892e+00
   1.66454441e-01  1.72438241e+00  1.88667246e+00  1.72327227e+00
   1.54661332e+00  9.84590400e-01  1.45313345e+00  7.49043388e-01
   1.45048341e+00  1.64287865e+00  1.28141487e+00  1.59574104e+00
   1.46298294e+00  1.46629048e+00  1.54348961e+00  1.57013416e+00
   1.22995404e+00  1.31142345e+00 -1.99364553e+00  3.94564752e-01
   1.51715449e+00  1.69169139e+00  1.74186686e+00 -2.91373382e+00
   7.52150898e-01  1.68537303e+00  3.71160238e-01 -3.73033884e+00
   3.52484080e-01 -1.48694206e+00 -7.45290416e-01  5.63807442e-01
   1.27093179e+00  5.35133607e-01 -1.71330375e-01 -2.50197293e+00
  -2.63275448e+00 -3.15561550e+00 -2.11022490e+00 -3.51303563e+00
  -3.52018155e-02 -3.99843114e+00 -3.08095445e+00 -1.79023024e+00
  -3.37520544e+00 -2.38578575e+00 -3.54741267e+00 -2.92344384e+00
  -1.01009705e+00 -3.02185838e-01 -1.47947199e-01 -2.41113498e+00
  -3.52065970e+00 -3.09762480e+00 -3.86453574e+00  3.46287902e-02
  -3.81297733e+00 -2.54941164e+00 -3.61833546e+00 -2.31720968e+00
  -3.85843301e+00 -3.77182528e+00 -3.22643424e+00 -2.49748107e+00
  -2.94157976e+00 -2.91391859e+00 -3.70623964e+00 -1.95265709e+00
  -2.66020434e+00  8.17304141e-01  1.21768512e+00 -1.66246175e+00
  -2.75111411e+00 -3.31873701e+00 -2.14063182e-01 -1.09902222e+00
  -1.94767785e+00 -4.99991014e-01 -2.52618507e+00  1.96360773e+00
  -1.02715843e+00  3.03248341e+00  1.51559027e+00  2.21864283e+00
  -2.40385821e+00  2.00630521e+00  3.17911628e+00 -1.45188351e+00
   1.21496393e+00  2.04613301e+00 -1.62182614e+00  3.17993200e+00
   3.96799188e+00  3.29897728e-01  4.07816588e+00 -3.17566012e-01
   3.31129113e+00 -9.52809386e-01  3.03768998e+00  3.55052992e+00
   3.55990775e+00  2.33663285e+00  2.31352433e+00  2.79495212e-01
   1.51862547e-01  1.96155941e+00  5.47353260e-01  3.49044034e+00
   2.72566042e+00  2.13606508e+00  3.67042248e+00  3.92260947e+00
   3.08862031e+00  1.92948433e+00  1.38946995e+00  3.51428218e+00
   1.13035696e+00  3.33545460e+00  9.15905230e-03  1.68097254e+00
   2.30710971e+00  2.21404832e+00 -5.31842726e-01 -3.45874829e-01
  -9.83826601e-02  6.55029428e-01  5.83612433e-01 -7.68172854e-01
  -5.52725703e-02 -1.25961956e+00  9.42805936e-01  3.77681531e+00
  -1.70922458e+00 -1.08169517e+00 -1.40307039e+00 -6.43634519e-01
  -6.32543454e-01 -8.53713550e-01 -1.22772526e+00  9.50740231e-01
  -5.97375125e-01  5.01933176e-01 -1.88988467e+00 -1.23602220e+00
  -1.74861600e+00 -1.48828262e+00 -1.27810421e+00 -1.99338361e+00
  -6.80758371e-02  1.07968241e+00 -1.49733014e+00 -1.02248497e+00
  -6.88068627e-02 -1.77284297e+00 -1.42903599e+00 -1.63191608e+00
  -1.57413453e-01 -1.69732959e+00 -7.20691107e-01 -1.49836618e+00
  -1.53285135e+00 -7.83079289e-01 -5.65545945e-01 -4.28247557e-03
  -9.54816172e-01 -1.43027299e+00 -1.99139039e-01 -3.93228458e-01
  -3.13917579e-01 -5.55629383e-01 -5.61729204e-02 -5.84257606e-02
  -8.07037000e-01 -1.86016879e-01 -9.65590226e-03 -1.52664558e+00
  -2.32543323e-02 -2.11665124e-02 -2.37912887e-01 -5.85846410e-01
  -1.07049581e+00 -2.32905994e-03 -9.27980849e-02 -9.24081181e-01
  -4.27415411e-02 -7.88306156e-02 -1.35471230e+00 -9.64506801e-02
  -4.88903965e-01 -1.40428145e+00 -1.03032194e-01 -1.76823043e+00
  -1.81435331e+00 -4.03453231e-01 -1.13007684e+00 -3.30143778e-01
  -1.03592948e-01 -1.62823990e+00 -1.27072988e+00 -3.24165041e-01
  -8.31515613e-01 -1.15541550e+00 -8.81319474e-01 -5.14135967e-01
  -3.41907953e-01 -1.50008474e+00 -1.09546543e+00 -1.71840632e+00
  -1.68448953e+00 -1.23608462e+00 -8.06782295e-01 -1.06026703e+00
  -1.25449646e+00 -1.71040125e+00 -4.54245598e-01 -1.78717499e+00
  -1.26536725e+00 -2.93821146e-01 -4.04645730e-01  2.03128629e+00
  -1.02564465e+00 -1.07882287e+00 -1.48728331e+00  1.52973464e+00
  -1.39893030e+00 -3.67322611e-01 -1.53385549e+00  1.75371064e+00
  -1.15897743e+00  2.94968569e+00 -1.38165997e+00  2.41200118e+00
   1.48331333e+00 -1.29300070e+00  3.02838862e+00 -1.14374794e+00
  -1.06870636e+00  2.70728746e+00 -2.29022863e-01  1.80385877e-01
   7.87999977e-01 -1.65291432e-01  3.73979818e+00  3.48775653e+00
   2.08377776e+00  2.36553487e+00  3.47039369e+00  2.42914859e+00
   3.90210781e+00  2.03812322e+00  4.04388429e+00  3.15341019e+00
   3.09441731e+00  1.00077505e+00  3.22109077e+00  3.03895157e+00
  -1.10566174e-01  1.45338553e+00  3.42704770e+00  3.16377425e+00
   3.06435279e+00  2.97153034e+00  3.66817242e+00  1.81576373e+00
  -6.52056092e-01  2.39565436e+00 -1.83495474e-02 -1.85426248e+00
  -7.55084589e-02  3.68327360e+00  3.01854545e+00  6.67169560e-01
   3.21959504e+00  6.71420203e-01  3.62660798e+00  3.41692475e+00
  -4.99555802e-01  2.82564692e+00  3.67261725e+00  7.88007167e-01
   3.86155325e+00 -2.85587710e-01  2.28420287e+00  2.81396650e-01
   3.13503544e-01 -1.43368358e+00  9.57195160e-01 -1.85436896e+00
   3.81805817e-01 -2.78967630e+00 -3.28548806e+00 -2.22349866e+00
  -2.78061591e+00  8.26303188e-01 -3.72885115e+00 -1.23292968e+00
  -9.58935652e-01 -3.85811062e+00 -3.59301074e+00 -3.19689248e+00
  -2.12766839e+00 -2.96424870e+00 -3.60274154e+00 -1.17472896e+00
  -2.58752094e+00 -3.16293962e+00 -1.72757867e+00 -3.45341213e+00
  -2.81273166e+00 -1.03553265e+00 -3.15675590e-01 -3.70141041e+00
  -4.21189811e+00 -2.46094977e+00 -3.43569797e+00 -3.34469058e+00
  -1.38193635e+00 -3.17949403e+00 -2.42119633e+00 -1.33643509e+00
  -3.06299272e+00 -3.56504553e+00 -3.34451075e+00  7.77655270e-01
  -2.98030710e+00 -3.55225078e+00 -1.82974404e+00  1.46532816e+00
   1.56688198e+00 -2.96543364e+00 -9.60755845e-01 -3.37890943e+00
   1.47135345e+00 -3.02829566e+00  7.50982262e-03  1.79730919e+00
   3.91077683e-01  1.63881069e+00 -8.84278418e-01  1.56546135e+00
   1.59529239e+00  1.27139537e+00  1.40701977e+00  1.58125802e+00
  -1.72159327e+00  5.68722722e-01  1.60960641e+00  1.70849761e+00
   3.77494361e-02  1.77885147e+00  1.57017560e+00  1.31626221e+00
   1.45580659e+00  9.95670227e-02  1.49806312e+00  1.19805866e+00
   1.30759534e+00  1.69066279e+00  1.54457758e+00  3.36164302e-01
   4.71520896e-01  1.79332637e+00  1.75802645e+00  1.11059510e+00
   2.25410298e-02  1.03402966e+00  1.46010385e-01  1.50301824e+00
   5.29563078e-01  7.23526086e-01  1.24444151e+00  7.11308695e-01
   3.65824427e-02  5.96719268e-01  1.77160218e-01  4.50367941e-01
   3.75726453e-02  2.13641164e-01  3.24386893e-01  7.30780825e-01]
 [ 3.57611415e+00 -1.48217090e+00 -1.27995533e+00 -2.06437997e+00
   2.88910878e+00 -4.03512400e+00  3.24255518e+00 -8.53952855e-01
   2.47793820e+00  1.81117216e+00  3.45270042e+00 -3.44017638e+00
   2.10549647e+00  1.81380501e+00  3.30267114e+00  4.18131769e-01
   3.09636434e+00  1.33096004e+00  3.78708833e+00  3.67113005e+00
   1.77614048e+00  2.76152023e+00  3.25544108e+00  3.46859174e+00
   2.48644177e+00  3.77377130e+00  3.60609974e+00  3.11254032e+00
   3.57519059e+00  2.61610253e+00  3.71658382e+00  3.70508842e+00
   3.83692688e+00  4.03764347e+00  3.66278004e+00  2.58286653e+00
   3.46644213e+00  1.81009586e+00 -1.49385117e+00  4.15245354e-01
   2.27195929e+00  3.36955063e+00  3.12091874e+00 -1.81920100e+00
   8.92965442e-01  2.58295944e+00  3.90987436e-01 -1.63847358e+00
   3.58745594e-01 -1.20025645e+00 -6.62747682e-01  6.31091667e-01
   1.91148705e+00  5.61807626e-01 -1.64789940e-01 -1.67941725e+00
  -1.52497835e+00 -1.68684842e+00 -1.45714301e+00 -1.77895038e+00
  -3.48915965e-02 -1.52257926e+00 -1.66776383e+00 -1.34036665e+00
  -1.71311210e+00 -1.51851549e+00 -1.13514717e+00 -6.42637843e-01
  -6.83366271e-02 -2.92017074e-01 -1.41218116e-01 -1.50670574e+00
  -1.52995707e+00 -7.94385720e-01 -1.39958852e+00  3.56093081e-02
  -1.79730878e+00 -5.11392884e-01 -1.12667182e+00 -4.21185479e-01
  -1.45669050e+00 -1.33847132e+00 -8.16479132e-01 -4.73790481e-01
  -6.39753507e-01 -6.34286374e-01 -1.38061641e+00 -2.57794858e-01
  -4.47701819e-01 -4.12904131e-02 -9.76752768e-02 -1.78618154e-01
  -5.67541671e-01 -8.13740301e-01 -2.63923558e-03 -7.25097028e-02
  -2.63437687e-01 -2.06478223e-02 -4.03305715e-01 -2.38704899e-01
  -9.51626957e-02 -7.98991813e-01 -1.66006988e-01 -3.64406026e-01
  -3.86024370e-01 -2.20189574e-01 -7.75370339e-01 -1.22170582e-01
  -8.42420756e-02 -2.98099361e-01 -1.96869702e-01 -7.53075017e-01
  -1.46831842e+00 -9.55610600e-03 -1.20211122e+00 -9.60546773e-03
  -8.10882920e-01 -5.68346353e-02 -1.67347742e+00 -1.40460974e+00
  -1.12343152e+00 -4.04122779e-01 -1.57164755e+00 -2.60933944e-01
  -2.62404061e-04 -1.44902115e+00 -4.90044260e-01 -1.85263115e+00
  -5.41699195e-01 -1.53914207e+00 -1.68871377e+00 -1.48674074e+00
  -7.97674459e-01 -1.39073589e+00 -1.14367531e+00 -1.57393834e+00
  -8.87426686e-01 -1.21102011e+00 -8.58734620e-03 -1.19452167e+00
  -1.53428360e+00 -1.57898433e+00  5.80732218e-01  3.71643284e-01
   9.98470127e-02 -5.86327973e-01 -5.26306388e-01  8.87962668e-01
   5.64689692e-02  1.59318262e+00 -8.25136845e-01 -1.20845750e+00
   2.78336582e+00  3.43105607e+00  1.88901133e+00  7.17082698e-01
   7.16776955e-01  1.00558709e+00  1.57888938e+00 -7.97008734e-01
   6.58892564e-01 -4.71381742e-01  3.06914837e+00  1.64172117e+00
   3.43138378e+00  2.22472260e+00  3.59356305e+00  3.82338186e+00
   9.78172883e-01 -9.08628545e-01  2.16232645e+00  3.55191556e+00
  -1.13111936e+00  3.41399524e+00  3.33509092e+00  3.43837535e+00
   1.35204653e+00  3.76053347e+00  3.30301665e+00  3.55267433e+00
   2.37056808e+00  3.18484540e+00  2.98100486e+00  3.10265302e-01
   3.33480741e+00  3.74789034e+00  1.75698786e+00  2.41233915e+00
   2.26160198e+00  2.84308753e+00 -8.08464256e-01  7.97601218e-01
  -3.16602301e+00 -1.73923341e+00 -3.03300460e-01  3.51448929e+00
  -4.48211450e-01 -6.80222539e-01 -1.89461587e+00 -3.09125994e+00
   3.68252461e+00 -2.48775165e-01 -1.11264583e+00 -3.31287149e+00
   9.83064901e-01 -1.06200552e+00  3.64306307e+00  1.23598454e+00
  -2.48635569e+00 -3.96546091e+00 -1.30407633e+00 -2.80700115e+00
  -3.17916299e+00 -2.34899616e+00  3.86016046e+00  2.31046192e+00
  -1.40325115e+00 -3.22048585e+00 -3.80050197e+00  2.25857585e+00
  -3.30857362e+00 -1.58359847e+00 -3.47513222e+00 -2.68758875e+00
  -3.55711876e-01 -3.74431790e+00 -3.66810701e+00 -3.36824403e+00
  -3.76359366e+00 -3.41537451e+00 -9.76623415e-01 -1.29100568e+00
  -1.65608598e+00 -3.32409572e+00 -4.96630821e-01 -3.14165698e+00
  -1.71322197e+00 -3.05909111e-01 -4.46777005e-01  1.45931378e+00
  -1.22812034e+00 -3.69037212e+00 -3.47057694e+00  1.15856433e+00
  -2.03606086e+00 -3.85511111e-01 -2.62194406e+00  1.34798304e+00
  -1.51195709e+00  1.73829518e+00 -1.79547235e+00  1.54317462e+00
   1.10954960e+00 -1.64931941e+00  1.75797432e+00 -1.47251063e+00
  -1.28986402e+00  1.67620531e+00 -2.39669870e-01  1.80650988e-01
   6.91778881e-01 -1.82942022e-01  1.63134904e+00  1.82884977e+00
   1.43428651e+00  1.60094812e+00  1.75230668e+00  4.64326857e-01
   1.43351617e+00  1.43138441e+00  1.42782215e+00  1.73492674e+00
   1.70395009e+00  7.47685370e-02  1.82710034e+00  1.70923867e+00
  -1.11868340e-01  1.14112185e+00  9.82679506e-01  1.69883486e+00
   7.33791653e-01  1.80316095e+00  1.81840953e+00  2.85892703e-01
   1.09388890e-02  3.40608544e-01 -8.22267713e-05  2.09582869e-01
  -3.52827719e-04  1.47413722e+00  6.19443662e-01  2.64445438e-02
   7.63859684e-01  2.95005667e-02  1.68281773e+00  9.40761147e-01
   9.24913182e-03  1.61411623e+00  1.04594113e+00  3.45145694e-02
   1.49077794e+00  7.29051825e-04  3.52475534e-01  1.00877527e-02
   4.27419191e-03  1.31839708e-01  4.14122283e-02  1.91933665e-01
   7.39039595e-03  6.46626879e-01  1.67303451e+00  4.21369487e-01
   5.56612529e-01  4.42761985e-02  1.29232912e+00  7.28430003e-02
   6.19710137e-02  1.42351448e+00  1.08735728e+00  1.72484190e+00
   1.38667445e+00  5.90891086e-01  1.29900039e+00  9.65871130e-01
   1.56881569e+00  1.76930017e+00  1.29792183e+00  9.84995600e-01
   1.69277814e+00  8.93630841e-01  3.06091086e-01  1.14596763e+00
   1.91549748e+00  1.57524026e+00  1.66266665e+00  1.59850516e+00
   1.10993370e+00  1.67500495e+00  5.25296992e-01  1.03566638e+00
   1.74435925e+00  1.81971221e+00  1.11128726e+00 -8.89501086e-01
   6.66069451e-01  1.26100476e+00  1.36655852e+00 -2.08468516e+00
  -2.38718334e+00  1.66924896e+00  8.49203268e-01  1.72895893e+00
  -2.25643833e+00  1.69824962e+00 -7.63165462e-03 -3.09272026e+00
  -4.09952810e-01 -3.79499252e+00  7.61286324e-01 -2.30558737e+00
  -3.03467556e+00 -1.61502125e+00 -3.90266394e+00 -2.90841129e+00
   1.31250839e+00  2.59847860e+00 -3.50186707e+00 -2.96039129e+00
  -3.60098795e-02 -3.27807629e+00 -2.34587605e+00 -3.56919962e+00
  -3.51991588e+00 -1.23848616e+00 -3.47814659e+00 -3.65480564e+00
  -3.82629239e+00 -3.80826364e+00 -3.56242008e+00 -2.44646389e+00
  -2.51865217e+00 -3.70032292e+00 -2.98399234e+00 -3.49686963e+00
  -4.88897726e-01 -3.76272064e+00  1.42253750e+00 -3.69488964e+00
  -2.79391432e+00 -8.53390853e-01 -3.97467897e+00 -3.03195393e+00
  -7.20267166e-01  2.87171160e+00 -1.53928239e+00  2.40812143e+00
   8.91600979e-01  1.73201591e+00 -2.11632466e+00  3.06832921e+00]]
Y=[[0 0 0 0 0 0 0 0 0 0 0 0 0 0 0 0 0 0 0 0 0 0 0 0 0 0 0 0 0 0 0 0 0 0 0 0
  0 0 0 0 0 0 0 0 0 0 0 0 0 0 0 0 0 0 0 0 0 0 0 0 0 0 0 0 0 0 0 0 0 0 0 0
  0 0 0 0 0 0 0 0 0 0 0 0 0 0 0 0 0 0 0 0 0 0 0 0 0 0 0 0 0 0 0 0 0 0 0 0
  0 0 0 0 0 0 0 0 0 0 0 0 0 0 0 0 0 0 0 0 0 0 0 0 0 0 0 0 0 0 0 0 0 0 0 0
  0 0 0 0 0 0 0 0 0 0 0 0 0 0 0 0 0 0 0 0 0 0 0 0 0 0 0 0 0 0 0 0 0 0 0 0
  0 0 0 0 0 0 0 0 0 0 0 0 0 0 0 0 0 0 0 0 1 1 1 1 1 1 1 1 1 1 1 1 1 1 1 1
  1 1 1 1 1 1 1 1 1 1 1 1 1 1 1 1 1 1 1 1 1 1 1 1 1 1 1 1 1 1 1 1 1 1 1 1
  1 1 1 1 1 1 1 1 1 1 1 1 1 1 1 1 1 1 1 1 1 1 1 1 1 1 1 1 1 1 1 1 1 1 1 1
  1 1 1 1 1 1 1 1 1 1 1 1 1 1 1 1 1 1 1 1 1 1 1 1 1 1 1 1 1 1 1 1 1 1 1 1
  1 1 1 1 1 1 1 1 1 1 1 1 1 1 1 1 1 1 1 1 1 1 1 1 1 1 1 1 1 1 1 1 1 1 1 1
  1 1 1 1 1 1 1 1 1 1 1 1 1 1 1 1 1 1 1 1 1 1 1 1 1 1 1 1 1 1 1 1 1 1 1 1
  1 1 1 1]]
W1=[[-0.00416758 -0.00056267]
 [-0.02136196  0.01640271]
 [-0.01793436 -0.00841747]
 [ 0.00502881 -0.01245288]]
W2=[[-0.01057952 -0.00909008  0.00551454  0.02292208]]
A1=[[-0.00703166  0.00017253  0.00032324 ... -0.00186491 -0.00016112
  -0.004772  ]
 [ 0.03291681 -0.02769489 -0.02302533 ...  0.02384144 -0.04161894
   0.03470405]
 [-0.05165672  0.00962948  0.00906554 ... -0.01840864  0.01199586
  -0.038914  ]
 [-0.03845703  0.01925304  0.01641664 ... -0.02049136  0.02797832
  -0.03452085]]
A2=[[0.4996522  0.50018609 0.50015804 0.50026729 0.49970121 0.5005812
  0.49971303 0.50010372 0.49973603 0.4997955  0.49969612 0.50046151
  0.49976668 0.49979938 0.49970855 0.49995075 0.49967577 0.49984969
  0.49962263 0.49966707 0.49979971 0.49978194 0.49973368 0.49969798
  0.49980326 0.49961478 0.49966447 0.4996782  0.49966797 0.49979401
  0.49964044 0.49966181 0.49963773 0.49961414 0.4996635  0.49979332
  0.49966683 0.49986857 0.50005043 0.49997581 0.49982684 0.49970772
  0.49974041 0.50003043 0.49994184 0.49980065 0.4999772  0.49995697
  0.49997984 0.50004785 0.50003125 0.49996095 0.49985395 0.49996735
  0.50000866 0.50004008 0.50001342 0.49999932 0.50003865 0.49998747
  0.5000019  0.49992616 0.50000181 0.50004517 0.49998844 0.50002838
  0.49990894 0.49989023 0.49994382 0.50001544 0.50000735 0.50002537
  0.49995746 0.49989714 0.49992011 0.49999798 0.49997054 0.49989845
  0.49990342 0.49990252 0.49992726 0.49991876 0.49989157 0.49989729
  0.49988873 0.49988984 0.49992793 0.49990632 0.49988385 0.50005693
  0.50008911 0.49991539 0.49989228 0.49988537 0.49998669 0.49993865
  0.49990731 0.49997062 0.4998871  0.50015329 0.49994591 0.50028759
  0.50011617 0.50018442 0.49989283 0.50015381 0.50029409 0.49992209
  0.50008734 0.50016558 0.49992014 0.5002915  0.50042598 0.50002214
  0.50040148 0.49998092 0.50030667 0.4999461  0.50039146 0.50039208
  0.50035941 0.50019662 0.50033355 0.50004878 0.5000097  0.5002967
  0.50009303 0.50044126 0.50023764 0.50031845 0.50043325 0.5004253
  0.500291   0.50028776 0.50022417 0.50040981 0.50017729 0.50035557
  0.5000016  0.50024872 0.50032872 0.50032811 0.49989719 0.49993385
  0.49998188 0.50011132 0.50009965 0.49984568 0.49998978 0.49973076
  0.50015797 0.50038319 0.49956123 0.49952428 0.49968658 0.49987389
  0.49987463 0.49982628 0.49973448 0.50015514 0.49988374 0.50008793
  0.49951599 0.4997265  0.49948207 0.49964138 0.49949263 0.49942031
  0.49987951 0.50017659 0.4996482  0.49951372 0.50012993 0.4994826
  0.49951366 0.49948862 0.49982944 0.4994464  0.4995623  0.49948354
  0.49962128 0.49957234 0.49961029 0.49996288 0.49954371 0.49946476
  0.49977873 0.49968864 0.49971156 0.49962726 0.50009243 0.49990157
  0.50032445 0.50019467 0.5000354  0.49948627 0.50005175 0.50007943
  0.50020981 0.50032965 0.49949523 0.50002939 0.50012621 0.50033442
  0.49988054 0.50012109 0.49948193 0.4998471  0.50026406 0.50038124
  0.50014829 0.50022066 0.50026188 0.5002532  0.49947045 0.49970473
  0.50016003 0.50027864 0.50037019 0.49971127 0.5003398  0.50011448
  0.50035638 0.50028633 0.50002048 0.50034893 0.50036564 0.50029043
  0.50033947 0.50032673 0.50006461 0.5000858  0.50011678 0.5002857
  0.50003006 0.50025916 0.50012287 0.50001762 0.5000273  0.49995606
  0.50008054 0.50036934 0.50031728 0.49995982 0.50015269 0.5000224
  0.50021363 0.4999516  0.50010575 0.49998146 0.50012522 0.49997036
  0.49996269 0.50011352 0.49998414 0.50010203 0.50008513 0.49997338
  0.50001388 0.49999003 0.49996802 0.5000112  0.50004448 0.500005
  0.49996238 0.49996054 0.50001297 0.50009948 0.50007826 0.49995981
  0.50008796 0.49999484 0.49999476 0.50005483 0.49998822 0.49999059
  0.50000625 0.49995703 0.50010148 0.49999978 0.50010793 0.49997516
  0.50001773 0.50008163 0.49995719 0.50011203 0.49999884 0.49985712
  0.49999523 0.50005952 0.50011857 0.50003933 0.50011424 0.50003924
  0.50003116 0.50010581 0.4999671  0.49998829 0.50010961 0.50004606
  0.50006889 0.49998173 0.50010353 0.50001672 0.50001945 0.4998931
  0.50005601 0.4998592  0.50002343 0.49974586 0.49959293 0.49980852
  0.4997571  0.50004734 0.49960993 0.49991287 0.4999316  0.49958625
  0.49964276 0.4995924  0.49970015 0.49974139 0.49961711 0.49981058
  0.49964943 0.49958929 0.49973606 0.49966371 0.49962049 0.499828
  0.49994356 0.49962897 0.49950582 0.49965668 0.49958466 0.499598
  0.49978031 0.49959939 0.49978364 0.49979202 0.49959856 0.49955792
  0.49965566 0.50015511 0.49973146 0.4996248  0.49972144 0.50034056
  0.50038284 0.49961361 0.49983803 0.49958041 0.5003613  0.49960621
  0.50000138 0.50048095 0.50007358 0.50055398 0.49985333 0.50037309
  0.50046131 0.50027258 0.50055207 0.50044547 0.49973471 0.49972771
  0.50051748 0.50045968 0.50000668 0.50050171 0.50037816 0.5005069
  0.50050989 0.5001534  0.50050763 0.50050956 0.50053676 0.50055882
  0.50052053 0.50031178 0.50032894 0.50055254 0.5004656  0.50048534
  0.50005949 0.50051195 0.49984038 0.50053357 0.50036526 0.50014738
  0.50055031 0.50040499 0.50008786 0.49969708 0.50019404 0.49974277
  0.49989652 0.49980795 0.50027187 0.49968229]]
dZ2=[[ 0.4996522   0.50018609  0.50015804  0.50026729  0.49970121  0.5005812
   0.49971303  0.50010372  0.49973603  0.4997955   0.49969612  0.50046151
   0.49976668  0.49979938  0.49970855  0.49995075  0.49967577  0.49984969
   0.49962263  0.49966707  0.49979971  0.49978194  0.49973368  0.49969798
   0.49980326  0.49961478  0.49966447  0.4996782   0.49966797  0.49979401
   0.49964044  0.49966181  0.49963773  0.49961414  0.4996635   0.49979332
   0.49966683  0.49986857  0.50005043  0.49997581  0.49982684  0.49970772
   0.49974041  0.50003043  0.49994184  0.49980065  0.4999772   0.49995697
   0.49997984  0.50004785  0.50003125  0.49996095  0.49985395  0.49996735
   0.50000866  0.50004008  0.50001342  0.49999932  0.50003865  0.49998747
   0.5000019   0.49992616  0.50000181  0.50004517  0.49998844  0.50002838
   0.49990894  0.49989023  0.49994382  0.50001544  0.50000735  0.50002537
   0.49995746  0.49989714  0.49992011  0.49999798  0.49997054  0.49989845
   0.49990342  0.49990252  0.49992726  0.49991876  0.49989157  0.49989729
   0.49988873  0.49988984  0.49992793  0.49990632  0.49988385  0.50005693
   0.50008911  0.49991539  0.49989228  0.49988537  0.49998669  0.49993865
   0.49990731  0.49997062  0.4998871   0.50015329  0.49994591  0.50028759
   0.50011617  0.50018442  0.49989283  0.50015381  0.50029409  0.49992209
   0.50008734  0.50016558  0.49992014  0.5002915   0.50042598  0.50002214
   0.50040148  0.49998092  0.50030667  0.4999461   0.50039146  0.50039208
   0.50035941  0.50019662  0.50033355  0.50004878  0.5000097   0.5002967
   0.50009303  0.50044126  0.50023764  0.50031845  0.50043325  0.5004253
   0.500291    0.50028776  0.50022417  0.50040981  0.50017729  0.50035557
   0.5000016   0.50024872  0.50032872  0.50032811  0.49989719  0.49993385
   0.49998188  0.50011132  0.50009965  0.49984568  0.49998978  0.49973076
   0.50015797  0.50038319  0.49956123  0.49952428  0.49968658  0.49987389
   0.49987463  0.49982628  0.49973448  0.50015514  0.49988374  0.50008793
   0.49951599  0.4997265   0.49948207  0.49964138  0.49949263  0.49942031
   0.49987951  0.50017659  0.4996482   0.49951372  0.50012993  0.4994826
   0.49951366  0.49948862  0.49982944  0.4994464   0.4995623   0.49948354
   0.49962128  0.49957234  0.49961029  0.49996288  0.49954371  0.49946476
   0.49977873  0.49968864  0.49971156  0.49962726  0.50009243  0.49990157
   0.50032445  0.50019467  0.5000354   0.49948627  0.50005175  0.50007943
   0.50020981  0.50032965 -0.50050477 -0.49997061 -0.49987379 -0.49966558
  -0.50011946 -0.49987891 -0.50051807 -0.5001529  -0.49973594 -0.49961876
  -0.49985171 -0.49977934 -0.49973812 -0.4997468  -0.50052955 -0.50029527
  -0.49983997 -0.49972136 -0.49962981 -0.50028873 -0.4996602  -0.49988552
  -0.49964362 -0.49971367 -0.49997952 -0.49965107 -0.49963436 -0.49970957
  -0.49966053 -0.49967327 -0.49993539 -0.4999142  -0.49988322 -0.4997143
  -0.49996994 -0.49974084 -0.49987713 -0.49998238 -0.4999727  -0.50004394
  -0.49991946 -0.49963066 -0.49968272 -0.50004018 -0.49984731 -0.4999776
  -0.49978637 -0.5000484  -0.49989425 -0.50001854 -0.49987478 -0.50002964
  -0.50003731 -0.49988648 -0.50001586 -0.49989797 -0.49991487 -0.50002662
  -0.49998612 -0.50000997 -0.50003198 -0.4999888  -0.49995552 -0.499995
  -0.50003762 -0.50003946 -0.49998703 -0.49990052 -0.49992174 -0.50004019
  -0.49991204 -0.50000516 -0.50000524 -0.49994517 -0.50001178 -0.50000941
  -0.49999375 -0.50004297 -0.49989852 -0.50000022 -0.49989207 -0.50002484
  -0.49998227 -0.49991837 -0.50004281 -0.49988797 -0.50000116 -0.50014288
  -0.50000477 -0.49994048 -0.49988143 -0.49996067 -0.49988576 -0.49996076
  -0.49996884 -0.49989419 -0.5000329  -0.50001171 -0.49989039 -0.49995394
  -0.49993111 -0.50001827 -0.49989647 -0.49998328 -0.49998055 -0.5001069
  -0.49994399 -0.5001408  -0.49997657 -0.50025414 -0.50040707 -0.50019148
  -0.5002429  -0.49995266 -0.50039007 -0.50008713 -0.5000684  -0.50041375
  -0.50035724 -0.5004076  -0.50029985 -0.50025861 -0.50038289 -0.50018942
  -0.50035057 -0.50041071 -0.50026394 -0.50033629 -0.50037951 -0.500172
  -0.50005644 -0.50037103 -0.50049418 -0.50034332 -0.50041534 -0.500402
  -0.50021969 -0.50040061 -0.50021636 -0.50020798 -0.50040144 -0.50044208
  -0.50034434 -0.49984489 -0.50026854 -0.5003752  -0.50027856 -0.49965944
  -0.49961716 -0.50038639 -0.50016197 -0.50041959 -0.4996387  -0.50039379
  -0.49999862 -0.49951905 -0.49992642 -0.49944602 -0.50014667 -0.49962691
  -0.49953869 -0.49972742 -0.49944793 -0.49955453 -0.50026529 -0.50027229
  -0.49948252 -0.49954032 -0.49999332 -0.49949829 -0.49962184 -0.4994931
  -0.49949011 -0.4998466  -0.49949237 -0.49949044 -0.49946324 -0.49944118
  -0.49947947 -0.49968822 -0.49967106 -0.49944746 -0.4995344  -0.49951466
  -0.49994051 -0.49948805 -0.50015962 -0.49946643 -0.49963474 -0.49985262
  -0.49944969 -0.49959501 -0.49991214 -0.50030292 -0.49980596 -0.50025723
  -0.50010348 -0.50019205 -0.49972813 -0.50031771]]
dW2=[[-1.75478714e-05  3.70240274e-03 -1.25686736e-03 -2.55725650e-03]]
db2=[[-1.0892314e-05]]
dZ1=[[-0.00528582 -0.00529173 -0.00529143 ...  0.00529177  0.00528688
   0.005293  ]
 [-0.00453696 -0.00454324 -0.00454406 ...  0.0045442   0.0045347
   0.00454245]
 [ 0.002748    0.00275804  0.00275792 ... -0.00275739 -0.00275537
  -0.00275484]
 [ 0.01143613  0.01146106  0.01146157 ... -0.01146063 -0.01144584
  -0.01145466]]
dW1=[[ 0.00023606 -0.00207914]
 [ 0.0002091  -0.00178201]
 [-0.00012051  0.0010843 ]
 [-0.00051496  0.00449162]]
db1=[[ 1.06848030e-07]
 [-9.70907252e-07]
 [-7.20012658e-08]
 [ 3.03048452e-07]]

print_count=2	update_parameters
:
W1.shape=(4, 2),b1.shape=(4, 1),W2.shape=(1, 4),b2.shape=(1, 1)
dW1.shape=(4, 2),db1.shape=(4, 1),dW2.shape=(1, 4),db2.shape=(1, 1)
W1=[[-0.00416758 -0.00056267]
 [-0.02136196  0.01640271]
 [-0.01793436 -0.00841747]
 [ 0.00502881 -0.01245288]]
b1=[[0.]
 [0.]
 [0.]
 [0.]]
W2=[[-0.01057952 -0.00909008  0.00551454  0.02292208]]
b2=[[0.]]
dW1=[[ 0.00023606 -0.00207914]
 [ 0.0002091  -0.00178201]
 [-0.00012051  0.0010843 ]
 [-0.00051496  0.00449162]]
db1=[[ 1.06848030e-07]
 [-9.70907252e-07]
 [-7.20012658e-08]
 [ 3.03048452e-07]]
dW2=[[-1.75478714e-05  3.70240274e-03 -1.25686736e-03 -2.55725650e-03]]
db2=[[-1.0892314e-05]]
:
W1.shape=(4, 2),b1.shape=(4, 1),W2.shape=(1, 4),b2.shape=(1, 1)
W1=[[-0.00445085  0.0019323 ]
 [-0.02161288  0.01854112]
 [-0.01778975 -0.00971864]
 [ 0.00564676 -0.01784282]]
b1=[[-1.28217636e-07]
 [ 1.16508870e-06]
 [ 8.64015190e-08]
 [-3.63658142e-07]]
W2=[[-0.01055846 -0.01353296  0.00702278  0.02599079]]
b2=[[1.30707768e-05]]

print_count=1	forward_propagation
X.shape=(2, 400),Y.shape=(1, 400)
W1.shape=(4, 2),b1.shape=(4, 1),W2.shape=(1, 4),b2.shape=(1, 1)
Z1.shape=(4, 400),A1.shape=(4, 400),Z2.shape=(1, 400),A2.shape=(1, 400)
W1=[[-0.00445085  0.0019323 ]
 [-0.02161288  0.01854112]
 [-0.01778975 -0.00971864]
 [ 0.00564676 -0.01784282]]
b1=[[-1.28217636e-07]
 [ 1.16508870e-06]
 [ 8.64015190e-08]
 [-3.63658142e-07]]
W2=[[-0.01055846 -0.01353296  0.00702278  0.02599079]]
b2=[[1.30707768e-05]]
Z1=[[ 0.00154919 -0.00357052 -0.00289731 ...  0.00239575 -0.00553329
   0.0026762 ]
 [ 0.04027485 -0.03091011 -0.0257892  ...  0.02749727 -0.04624879
   0.04109714]
 [-0.0561816   0.01158136  0.01074509 ... -0.02063337  0.01479712
  -0.0428203 ]
 [-0.05700713  0.02734195  0.02337549 ... -0.02969804  0.03959258
  -0.05062147]]
A1=[[ 0.00154919 -0.0035705  -0.0028973  ...  0.00239575 -0.00553324
   0.00267619]
 [ 0.04025309 -0.03090027 -0.02578348 ...  0.02749034 -0.04621584
   0.04107401]
 [-0.05612256  0.01158084  0.01074467 ... -0.02063044  0.01479604
  -0.04279415]
 [-0.05694546  0.02733513  0.02337123 ... -0.02968931  0.0395719
  -0.05057828]]
Z2=[[-2.42222349e-03  1.26073334e-03  1.07548298e-03  1.79661895e-03
  -2.05567637e-03  3.82951660e-03 -2.03426655e-03  7.12109198e-04
  -1.80514701e-03 -1.38162428e-03 -2.15726478e-03  3.07521619e-03
  -1.58317285e-03 -1.35994253e-03 -2.06745144e-03 -3.20543855e-04
  -2.22670694e-03 -1.01211216e-03 -2.61705194e-03 -2.35016357e-03
  -1.35323323e-03 -1.58130475e-03 -1.91883034e-03 -2.14876125e-03
  -1.42482720e-03 -2.65982042e-03 -2.35650914e-03 -2.21499310e-03
  -2.33269777e-03 -1.49408356e-03 -2.50698884e-03 -2.38434735e-03
  -2.53787891e-03 -2.69742577e-03 -2.36931041e-03 -1.49370488e-03
  -2.32514135e-03 -9.66911343e-04  4.92454881e-04 -1.77962205e-04
  -1.26333379e-03 -2.08077305e-03 -1.86328060e-03  4.20978792e-04
  -4.32489633e-04 -1.45212891e-03 -1.66932379e-04 -1.92717831e-05
  -1.47780512e-04  4.39844417e-04  2.76142596e-04 -2.90196410e-04
  -1.06295054e-03 -2.44902988e-04  8.35226386e-05  4.57661599e-04
   2.86393557e-04  2.27291629e-04  4.20834228e-04  1.71978030e-04
   2.83578114e-05 -2.09093881e-04  2.38967907e-04  4.42738755e-04
   1.68979405e-04  3.70490246e-04 -3.56952733e-04 -5.26828617e-04
  -2.96990039e-04  1.38445793e-04  7.30356418e-05  3.51844166e-04
  -3.05540623e-05 -4.67943225e-04 -2.59367814e-04 -3.04636600e-06
   7.82735544e-05 -4.97135343e-04 -3.89358941e-04 -4.85711312e-04
  -2.11365877e-04 -2.74902555e-04 -4.96714996e-04 -5.08568423e-04
  -5.35689213e-04 -5.30091786e-04 -2.17409041e-04 -4.85257091e-04
  -5.88243711e-04  3.41494479e-04  5.31388838e-04 -4.44042281e-04
  -5.24885445e-04 -5.32228167e-04 -6.21753262e-05 -3.25759791e-04
  -4.78928873e-04 -1.51014263e-04 -5.75501024e-04  9.13859374e-04
  -2.81606932e-04  1.74817797e-03  6.93819227e-04  1.10670813e-03
  -5.45215442e-04  9.14402921e-04  1.78196972e-03 -4.13323622e-04
   5.19618494e-04  9.91294439e-04 -4.14712177e-04  1.76440502e-03
   2.61917420e-03  1.39918297e-04  2.44590148e-03 -9.39752613e-05
   1.85790863e-03 -2.85534255e-04  2.45008264e-03  2.41883155e-03
   2.19731043e-03  1.18110506e-03  2.10868355e-03  3.23637461e-04
   6.81277500e-05  1.88388998e-03  6.04418553e-04  2.75539874e-03
   1.43158363e-03  2.01886375e-03  2.68881526e-03  2.61765968e-03
   1.76730490e-03  1.82563330e-03  1.43301656e-03  2.54122121e-03
   1.13394382e-03  2.18688137e-03  2.32551611e-05  1.57883998e-03
   2.07645183e-03  2.07881273e-03 -6.45555764e-04 -4.10450048e-04
  -1.02707807e-04  7.20630086e-04  6.46636906e-04 -9.77584512e-04
  -5.22855834e-05 -1.72068627e-03  1.01626798e-03  2.34306186e-03
  -2.83550930e-03 -3.12840120e-03 -2.00949164e-03 -7.95421448e-04
  -7.91171412e-04 -1.10288301e-03 -1.69773542e-03  9.96549745e-04
  -7.31989888e-04  5.73025175e-04 -3.12866265e-03 -1.75111036e-03
  -3.36743816e-03 -2.30909838e-03 -3.32860929e-03 -3.76758155e-03
  -7.97249453e-04  1.13267999e-03 -2.26237492e-03 -3.20377419e-03
   8.96731862e-04 -3.36221772e-03 -3.17616005e-03 -3.33128309e-03
  -1.12971014e-03 -3.61180404e-03 -2.89649896e-03 -3.37477999e-03
  -2.44189955e-03 -2.82435847e-03 -2.58303519e-03 -2.37739388e-04
  -3.00595255e-03 -3.50627851e-03 -1.46979666e-03 -2.06541470e-03
  -1.91598307e-03 -2.46902544e-03  6.42168702e-04 -6.48744518e-04
   2.26303953e-03  1.34264291e-03  2.53203682e-04 -3.35440490e-03
   3.64695697e-04  5.51811676e-04  1.44862320e-03  2.28288055e-03
  -3.32533118e-03  2.12050640e-04  8.73232038e-04  2.33851553e-03
  -7.92028283e-04  8.37609617e-04 -3.39556037e-03 -1.01451809e-03
   1.83282966e-03  2.68808963e-03  1.02325434e-03  1.62804088e-03
   1.90989170e-03  1.75347623e-03 -3.48852241e-03 -1.96100872e-03
   1.10268078e-03  2.01027354e-03  2.60415474e-03 -1.91724952e-03
   2.36845432e-03  8.67520623e-04  2.48394856e-03  1.98512031e-03
   1.75259911e-04  2.47640042e-03  2.56131930e-03  2.09617012e-03
   2.42527716e-03  2.30809900e-03  5.06038570e-04  6.66935905e-04
   8.89919158e-04  2.06366681e-03  2.47869590e-04  1.88963478e-03
   9.31868669e-04  1.52627684e-04  2.25744029e-04 -4.25019434e-04
   6.28943144e-04  2.58515412e-03  2.26166972e-03 -3.64798945e-04
   1.14279630e-03  1.90014893e-04  1.56426709e-03 -4.35961014e-04
   8.08703675e-04 -3.16944314e-04  9.55879269e-04 -3.54715458e-04
  -3.42212052e-04  8.70569445e-04 -3.04281437e-04  7.82530317e-04
   6.62969124e-04 -3.54751149e-04  1.22829665e-04 -6.68971573e-05
  -2.57934122e-04  1.00286433e-04  5.45006632e-05 -1.95060203e-04
  -3.85947146e-04 -4.17899474e-04 -1.39921333e-04  5.17590492e-04
   2.71822977e-04 -4.00121178e-04  3.27593330e-04 -2.40579081e-04
  -2.37047787e-04  3.14551729e-04 -2.90079333e-04 -2.61346536e-04
   6.29646695e-05 -3.78385399e-04  4.61897181e-04 -2.07866487e-04
   5.30645855e-04 -3.61109124e-04 -1.21454200e-04  4.39361255e-04
  -2.31324502e-04  6.04801660e-04  6.48368590e-06 -8.24938456e-04
  -1.39510453e-05  1.60188846e-04  6.05858980e-04  2.32851178e-04
   5.62556165e-04  2.31932043e-04 -2.76984039e-05  4.91869284e-04
  -1.74872695e-04 -2.62116915e-04  4.99801442e-04  2.70023131e-04
   2.11248326e-04 -9.07232215e-05  5.55044418e-04  1.06614802e-04
   1.22885163e-04 -6.10720886e-04  3.25600719e-04 -8.10810222e-04
   1.45059445e-04 -1.51264536e-03 -2.51241754e-03 -1.12806465e-03
  -1.43722968e-03  2.76016892e-04 -2.36684151e-03 -4.90857188e-04
  -3.83169182e-04 -2.51797353e-03 -2.15422746e-03 -2.52210741e-03
  -1.86758234e-03 -1.53079718e-03 -2.32699549e-03 -1.18681598e-03
  -2.17873549e-03 -2.54549277e-03 -1.65244911e-03 -2.02223512e-03
  -2.35876978e-03 -1.07861743e-03 -3.46886179e-04 -2.23997442e-03
  -3.03712119e-03 -2.13842671e-03 -2.55791495e-03 -2.47403353e-03
  -1.37713510e-03 -2.47602486e-03 -1.28267687e-03 -1.30114178e-03
  -2.48974537e-03 -2.72968509e-03 -2.08422533e-03  1.00833721e-03
  -1.59681981e-03 -2.27851417e-03 -1.74426098e-03  2.21477062e-03
   2.49351967e-03 -2.39470255e-03 -1.01597102e-03 -2.59057327e-03
   2.35451002e-03 -2.44043412e-03  2.18915516e-05  3.14045504e-03
   4.83644861e-04  3.64448879e-03 -9.17787416e-04  2.42768132e-03
   3.02171042e-03  1.76853529e-03  3.64757817e-03  2.91572669e-03
  -1.66199001e-03 -1.86786680e-03  3.40009770e-03  3.00288831e-03
   5.56141976e-05  3.28192361e-03  2.46163221e-03  3.34890472e-03
   3.35948721e-03  1.04374695e-03  3.34124941e-03  3.37496404e-03
   3.55108533e-03  3.67359431e-03  3.42518745e-03  2.09830972e-03
   2.20492052e-03  3.62414903e-03  3.03949673e-03  3.21745495e-03
   4.13922599e-04  3.40242559e-03 -1.07675381e-03  3.51607889e-03
   2.44635819e-03  9.59807448e-04  3.64692891e-03  2.70231410e-03
   6.04836878e-04 -2.07687283e-03  1.31323569e-03 -1.75788326e-03
  -6.89564267e-04 -1.30078196e-03  1.82934466e-03 -2.18614182e-03]]
A2=[[0.49939444 0.50031518 0.50026887 0.50044915 0.49948608 0.50095738
  0.49949143 0.50017803 0.49954871 0.49965459 0.49946068 0.5007688
  0.49960421 0.49966001 0.49948314 0.49991986 0.49944332 0.49974697
  0.49934574 0.49941246 0.49966169 0.49960467 0.49952029 0.49946281
  0.49964379 0.49933505 0.49941087 0.49944625 0.49941683 0.49962648
  0.49937325 0.49940391 0.49936553 0.49932564 0.49940767 0.49962657
  0.49941871 0.49975827 0.50012311 0.49995551 0.49968417 0.49947981
  0.49953418 0.50010524 0.49989188 0.49963697 0.49995827 0.49999518
  0.49996305 0.50010996 0.50006904 0.49992745 0.49973426 0.49993877
  0.50002088 0.50011442 0.5000716  0.50005682 0.50010521 0.50004299
  0.50000709 0.49994773 0.50005974 0.50011068 0.50004224 0.50009262
  0.49991076 0.49986829 0.49992575 0.50003461 0.50001826 0.50008796
  0.49999236 0.49988301 0.49993516 0.49999924 0.50001957 0.49987572
  0.49990266 0.49987857 0.49994716 0.49993127 0.49987582 0.49987286
  0.49986608 0.49986748 0.49994565 0.49987869 0.49985294 0.50008537
  0.50013285 0.49988899 0.49986878 0.49986694 0.49998446 0.49991856
  0.49988027 0.49996225 0.49985612 0.50022846 0.4999296  0.50043704
  0.50017345 0.50027668 0.4998637  0.5002286  0.50044549 0.49989667
  0.5001299  0.50024782 0.49989632 0.5004411  0.50065479 0.50003498
  0.50061148 0.49997651 0.50046448 0.49992862 0.50061252 0.50060471
  0.50054933 0.50029528 0.50052717 0.50008091 0.50001703 0.50047097
  0.5001511  0.50068885 0.5003579  0.50050472 0.5006722  0.50065441
  0.50044183 0.50045641 0.50035825 0.5006353  0.50028349 0.50054672
  0.50000581 0.50039471 0.50051911 0.5005197  0.49983861 0.49989739
  0.49997432 0.50018016 0.50016166 0.4997556  0.49998693 0.49956983
  0.50025407 0.50058577 0.49929112 0.4992179  0.49949763 0.49980114
  0.49980221 0.49972428 0.49957557 0.50024914 0.499817   0.50014326
  0.49921783 0.49956222 0.49915814 0.49942273 0.49916785 0.49905811
  0.49980069 0.50028317 0.49943441 0.49919906 0.50022418 0.49915945
  0.49920596 0.49916718 0.49971757 0.49909705 0.49927588 0.49915631
  0.49938953 0.49929391 0.49935424 0.49994057 0.49924851 0.49912343
  0.49963255 0.49948365 0.499521   0.49938274 0.50016054 0.49983781
  0.50056576 0.50033566 0.5000633  0.4991614  0.50009117 0.50013795
  0.50036216 0.50057072 0.49916867 0.50005301 0.50021831 0.50058463
  0.49980199 0.5002094  0.49915111 0.49974637 0.50045821 0.50067202
  0.50025581 0.50040701 0.50047747 0.50043837 0.49912787 0.49950975
  0.50027567 0.50050257 0.50065104 0.49952069 0.50059211 0.50021688
  0.50062099 0.50049628 0.50004381 0.5006191  0.50064033 0.50052404
  0.50060632 0.50057702 0.50012651 0.50016673 0.50022248 0.50051592
  0.50006197 0.50047241 0.50023297 0.50003816 0.50005644 0.49989375
  0.50015724 0.50064629 0.50056542 0.4999088  0.5002857  0.5000475
  0.50039107 0.49989101 0.50020218 0.49992076 0.50023897 0.49991132
  0.49991445 0.50021764 0.49992393 0.50019563 0.50016574 0.49991131
  0.50003071 0.49998328 0.49993552 0.50002507 0.50001363 0.49995123
  0.49990351 0.49989553 0.49996502 0.5001294  0.50006796 0.49989997
  0.5000819  0.49993986 0.49994074 0.50007864 0.49992748 0.49993466
  0.50001574 0.4999054  0.50011547 0.49994803 0.50013266 0.49990972
  0.49996964 0.50010984 0.49994217 0.5001512  0.50000162 0.49979377
  0.49999651 0.50004005 0.50015146 0.50005821 0.50014064 0.50005798
  0.49999308 0.50012297 0.49995628 0.49993447 0.50012495 0.50006751
  0.50005281 0.49997732 0.50013876 0.50002665 0.50003072 0.49984732
  0.5000814  0.4997973  0.50003626 0.49962184 0.4993719  0.49971798
  0.49964069 0.500069   0.49940829 0.49987729 0.49990421 0.49937051
  0.49946144 0.49936947 0.4995331  0.4996173  0.49941825 0.4997033
  0.49945532 0.49936363 0.49958689 0.49949444 0.49941031 0.49973035
  0.49991328 0.49944001 0.49924072 0.49946539 0.49936052 0.49938149
  0.49965572 0.49938099 0.49967933 0.49967471 0.49937756 0.49931758
  0.49947894 0.50025208 0.4996008  0.49943037 0.49956393 0.50055369
  0.50062338 0.49940132 0.49974601 0.49935236 0.50058863 0.49938989
  0.50000547 0.50078511 0.50012091 0.50091112 0.49977055 0.50060692
  0.50075543 0.50044213 0.50091189 0.50072893 0.4995845  0.49953303
  0.50085002 0.50075072 0.5000139  0.50082048 0.50061541 0.50083723
  0.50083987 0.50026094 0.50083531 0.50084374 0.50088777 0.5009184
  0.5008563  0.50052458 0.50055123 0.50090604 0.50075987 0.50080436
  0.50010348 0.50085061 0.49973081 0.50087902 0.50061159 0.50023995
  0.50091173 0.50067558 0.50015121 0.49948078 0.50032831 0.49956053
  0.49982761 0.4996748  0.50045734 0.49945346]]

print_count=1	compute_cost
cost=0.6929813036112868

print_count=1	backward_propagation
X.shape=(2, 400),Y.shape=(1, 400)
W1.shape=(4, 2),W2.shape=(1, 4)
A1.shape=(4, 400),A2.shape=(1, 400)
dW1.shape=(4, 2),db1.shape=(4, 1),dW2.shape=(1, 4),db2.shape=(1, 1)
X=[[ 1.20444229e+00  1.58709904e-01  9.52471960e-02  3.49178475e-01
   6.94150378e-01  1.62065038e+00  1.53856225e+00  3.63085641e-02
   4.74591109e-01  1.65695828e-01  1.66446249e+00  8.40285720e-01
   2.61695163e-01  2.31614896e-01  1.58013020e+00  6.35509950e-03
   6.80610419e-01  1.21400432e-01  1.13281261e+00  1.61505892e+00
   1.66454441e-01  1.72438241e+00  1.88667246e+00  1.72327227e+00
   1.54661332e+00  9.84590400e-01  1.45313345e+00  7.49043388e-01
   1.45048341e+00  1.64287865e+00  1.28141487e+00  1.59574104e+00
   1.46298294e+00  1.46629048e+00  1.54348961e+00  1.57013416e+00
   1.22995404e+00  1.31142345e+00 -1.99364553e+00  3.94564752e-01
   1.51715449e+00  1.69169139e+00  1.74186686e+00 -2.91373382e+00
   7.52150898e-01  1.68537303e+00  3.71160238e-01 -3.73033884e+00
   3.52484080e-01 -1.48694206e+00 -7.45290416e-01  5.63807442e-01
   1.27093179e+00  5.35133607e-01 -1.71330375e-01 -2.50197293e+00
  -2.63275448e+00 -3.15561550e+00 -2.11022490e+00 -3.51303563e+00
  -3.52018155e-02 -3.99843114e+00 -3.08095445e+00 -1.79023024e+00
  -3.37520544e+00 -2.38578575e+00 -3.54741267e+00 -2.92344384e+00
  -1.01009705e+00 -3.02185838e-01 -1.47947199e-01 -2.41113498e+00
  -3.52065970e+00 -3.09762480e+00 -3.86453574e+00  3.46287902e-02
  -3.81297733e+00 -2.54941164e+00 -3.61833546e+00 -2.31720968e+00
  -3.85843301e+00 -3.77182528e+00 -3.22643424e+00 -2.49748107e+00
  -2.94157976e+00 -2.91391859e+00 -3.70623964e+00 -1.95265709e+00
  -2.66020434e+00  8.17304141e-01  1.21768512e+00 -1.66246175e+00
  -2.75111411e+00 -3.31873701e+00 -2.14063182e-01 -1.09902222e+00
  -1.94767785e+00 -4.99991014e-01 -2.52618507e+00  1.96360773e+00
  -1.02715843e+00  3.03248341e+00  1.51559027e+00  2.21864283e+00
  -2.40385821e+00  2.00630521e+00  3.17911628e+00 -1.45188351e+00
   1.21496393e+00  2.04613301e+00 -1.62182614e+00  3.17993200e+00
   3.96799188e+00  3.29897728e-01  4.07816588e+00 -3.17566012e-01
   3.31129113e+00 -9.52809386e-01  3.03768998e+00  3.55052992e+00
   3.55990775e+00  2.33663285e+00  2.31352433e+00  2.79495212e-01
   1.51862547e-01  1.96155941e+00  5.47353260e-01  3.49044034e+00
   2.72566042e+00  2.13606508e+00  3.67042248e+00  3.92260947e+00
   3.08862031e+00  1.92948433e+00  1.38946995e+00  3.51428218e+00
   1.13035696e+00  3.33545460e+00  9.15905230e-03  1.68097254e+00
   2.30710971e+00  2.21404832e+00 -5.31842726e-01 -3.45874829e-01
  -9.83826601e-02  6.55029428e-01  5.83612433e-01 -7.68172854e-01
  -5.52725703e-02 -1.25961956e+00  9.42805936e-01  3.77681531e+00
  -1.70922458e+00 -1.08169517e+00 -1.40307039e+00 -6.43634519e-01
  -6.32543454e-01 -8.53713550e-01 -1.22772526e+00  9.50740231e-01
  -5.97375125e-01  5.01933176e-01 -1.88988467e+00 -1.23602220e+00
  -1.74861600e+00 -1.48828262e+00 -1.27810421e+00 -1.99338361e+00
  -6.80758371e-02  1.07968241e+00 -1.49733014e+00 -1.02248497e+00
  -6.88068627e-02 -1.77284297e+00 -1.42903599e+00 -1.63191608e+00
  -1.57413453e-01 -1.69732959e+00 -7.20691107e-01 -1.49836618e+00
  -1.53285135e+00 -7.83079289e-01 -5.65545945e-01 -4.28247557e-03
  -9.54816172e-01 -1.43027299e+00 -1.99139039e-01 -3.93228458e-01
  -3.13917579e-01 -5.55629383e-01 -5.61729204e-02 -5.84257606e-02
  -8.07037000e-01 -1.86016879e-01 -9.65590226e-03 -1.52664558e+00
  -2.32543323e-02 -2.11665124e-02 -2.37912887e-01 -5.85846410e-01
  -1.07049581e+00 -2.32905994e-03 -9.27980849e-02 -9.24081181e-01
  -4.27415411e-02 -7.88306156e-02 -1.35471230e+00 -9.64506801e-02
  -4.88903965e-01 -1.40428145e+00 -1.03032194e-01 -1.76823043e+00
  -1.81435331e+00 -4.03453231e-01 -1.13007684e+00 -3.30143778e-01
  -1.03592948e-01 -1.62823990e+00 -1.27072988e+00 -3.24165041e-01
  -8.31515613e-01 -1.15541550e+00 -8.81319474e-01 -5.14135967e-01
  -3.41907953e-01 -1.50008474e+00 -1.09546543e+00 -1.71840632e+00
  -1.68448953e+00 -1.23608462e+00 -8.06782295e-01 -1.06026703e+00
  -1.25449646e+00 -1.71040125e+00 -4.54245598e-01 -1.78717499e+00
  -1.26536725e+00 -2.93821146e-01 -4.04645730e-01  2.03128629e+00
  -1.02564465e+00 -1.07882287e+00 -1.48728331e+00  1.52973464e+00
  -1.39893030e+00 -3.67322611e-01 -1.53385549e+00  1.75371064e+00
  -1.15897743e+00  2.94968569e+00 -1.38165997e+00  2.41200118e+00
   1.48331333e+00 -1.29300070e+00  3.02838862e+00 -1.14374794e+00
  -1.06870636e+00  2.70728746e+00 -2.29022863e-01  1.80385877e-01
   7.87999977e-01 -1.65291432e-01  3.73979818e+00  3.48775653e+00
   2.08377776e+00  2.36553487e+00  3.47039369e+00  2.42914859e+00
   3.90210781e+00  2.03812322e+00  4.04388429e+00  3.15341019e+00
   3.09441731e+00  1.00077505e+00  3.22109077e+00  3.03895157e+00
  -1.10566174e-01  1.45338553e+00  3.42704770e+00  3.16377425e+00
   3.06435279e+00  2.97153034e+00  3.66817242e+00  1.81576373e+00
  -6.52056092e-01  2.39565436e+00 -1.83495474e-02 -1.85426248e+00
  -7.55084589e-02  3.68327360e+00  3.01854545e+00  6.67169560e-01
   3.21959504e+00  6.71420203e-01  3.62660798e+00  3.41692475e+00
  -4.99555802e-01  2.82564692e+00  3.67261725e+00  7.88007167e-01
   3.86155325e+00 -2.85587710e-01  2.28420287e+00  2.81396650e-01
   3.13503544e-01 -1.43368358e+00  9.57195160e-01 -1.85436896e+00
   3.81805817e-01 -2.78967630e+00 -3.28548806e+00 -2.22349866e+00
  -2.78061591e+00  8.26303188e-01 -3.72885115e+00 -1.23292968e+00
  -9.58935652e-01 -3.85811062e+00 -3.59301074e+00 -3.19689248e+00
  -2.12766839e+00 -2.96424870e+00 -3.60274154e+00 -1.17472896e+00
  -2.58752094e+00 -3.16293962e+00 -1.72757867e+00 -3.45341213e+00
  -2.81273166e+00 -1.03553265e+00 -3.15675590e-01 -3.70141041e+00
  -4.21189811e+00 -2.46094977e+00 -3.43569797e+00 -3.34469058e+00
  -1.38193635e+00 -3.17949403e+00 -2.42119633e+00 -1.33643509e+00
  -3.06299272e+00 -3.56504553e+00 -3.34451075e+00  7.77655270e-01
  -2.98030710e+00 -3.55225078e+00 -1.82974404e+00  1.46532816e+00
   1.56688198e+00 -2.96543364e+00 -9.60755845e-01 -3.37890943e+00
   1.47135345e+00 -3.02829566e+00  7.50982262e-03  1.79730919e+00
   3.91077683e-01  1.63881069e+00 -8.84278418e-01  1.56546135e+00
   1.59529239e+00  1.27139537e+00  1.40701977e+00  1.58125802e+00
  -1.72159327e+00  5.68722722e-01  1.60960641e+00  1.70849761e+00
   3.77494361e-02  1.77885147e+00  1.57017560e+00  1.31626221e+00
   1.45580659e+00  9.95670227e-02  1.49806312e+00  1.19805866e+00
   1.30759534e+00  1.69066279e+00  1.54457758e+00  3.36164302e-01
   4.71520896e-01  1.79332637e+00  1.75802645e+00  1.11059510e+00
   2.25410298e-02  1.03402966e+00  1.46010385e-01  1.50301824e+00
   5.29563078e-01  7.23526086e-01  1.24444151e+00  7.11308695e-01
   3.65824427e-02  5.96719268e-01  1.77160218e-01  4.50367941e-01
   3.75726453e-02  2.13641164e-01  3.24386893e-01  7.30780825e-01]
 [ 3.57611415e+00 -1.48217090e+00 -1.27995533e+00 -2.06437997e+00
   2.88910878e+00 -4.03512400e+00  3.24255518e+00 -8.53952855e-01
   2.47793820e+00  1.81117216e+00  3.45270042e+00 -3.44017638e+00
   2.10549647e+00  1.81380501e+00  3.30267114e+00  4.18131769e-01
   3.09636434e+00  1.33096004e+00  3.78708833e+00  3.67113005e+00
   1.77614048e+00  2.76152023e+00  3.25544108e+00  3.46859174e+00
   2.48644177e+00  3.77377130e+00  3.60609974e+00  3.11254032e+00
   3.57519059e+00  2.61610253e+00  3.71658382e+00  3.70508842e+00
   3.83692688e+00  4.03764347e+00  3.66278004e+00  2.58286653e+00
   3.46644213e+00  1.81009586e+00 -1.49385117e+00  4.15245354e-01
   2.27195929e+00  3.36955063e+00  3.12091874e+00 -1.81920100e+00
   8.92965442e-01  2.58295944e+00  3.90987436e-01 -1.63847358e+00
   3.58745594e-01 -1.20025645e+00 -6.62747682e-01  6.31091667e-01
   1.91148705e+00  5.61807626e-01 -1.64789940e-01 -1.67941725e+00
  -1.52497835e+00 -1.68684842e+00 -1.45714301e+00 -1.77895038e+00
  -3.48915965e-02 -1.52257926e+00 -1.66776383e+00 -1.34036665e+00
  -1.71311210e+00 -1.51851549e+00 -1.13514717e+00 -6.42637843e-01
  -6.83366271e-02 -2.92017074e-01 -1.41218116e-01 -1.50670574e+00
  -1.52995707e+00 -7.94385720e-01 -1.39958852e+00  3.56093081e-02
  -1.79730878e+00 -5.11392884e-01 -1.12667182e+00 -4.21185479e-01
  -1.45669050e+00 -1.33847132e+00 -8.16479132e-01 -4.73790481e-01
  -6.39753507e-01 -6.34286374e-01 -1.38061641e+00 -2.57794858e-01
  -4.47701819e-01 -4.12904131e-02 -9.76752768e-02 -1.78618154e-01
  -5.67541671e-01 -8.13740301e-01 -2.63923558e-03 -7.25097028e-02
  -2.63437687e-01 -2.06478223e-02 -4.03305715e-01 -2.38704899e-01
  -9.51626957e-02 -7.98991813e-01 -1.66006988e-01 -3.64406026e-01
  -3.86024370e-01 -2.20189574e-01 -7.75370339e-01 -1.22170582e-01
  -8.42420756e-02 -2.98099361e-01 -1.96869702e-01 -7.53075017e-01
  -1.46831842e+00 -9.55610600e-03 -1.20211122e+00 -9.60546773e-03
  -8.10882920e-01 -5.68346353e-02 -1.67347742e+00 -1.40460974e+00
  -1.12343152e+00 -4.04122779e-01 -1.57164755e+00 -2.60933944e-01
  -2.62404061e-04 -1.44902115e+00 -4.90044260e-01 -1.85263115e+00
  -5.41699195e-01 -1.53914207e+00 -1.68871377e+00 -1.48674074e+00
  -7.97674459e-01 -1.39073589e+00 -1.14367531e+00 -1.57393834e+00
  -8.87426686e-01 -1.21102011e+00 -8.58734620e-03 -1.19452167e+00
  -1.53428360e+00 -1.57898433e+00  5.80732218e-01  3.71643284e-01
   9.98470127e-02 -5.86327973e-01 -5.26306388e-01  8.87962668e-01
   5.64689692e-02  1.59318262e+00 -8.25136845e-01 -1.20845750e+00
   2.78336582e+00  3.43105607e+00  1.88901133e+00  7.17082698e-01
   7.16776955e-01  1.00558709e+00  1.57888938e+00 -7.97008734e-01
   6.58892564e-01 -4.71381742e-01  3.06914837e+00  1.64172117e+00
   3.43138378e+00  2.22472260e+00  3.59356305e+00  3.82338186e+00
   9.78172883e-01 -9.08628545e-01  2.16232645e+00  3.55191556e+00
  -1.13111936e+00  3.41399524e+00  3.33509092e+00  3.43837535e+00
   1.35204653e+00  3.76053347e+00  3.30301665e+00  3.55267433e+00
   2.37056808e+00  3.18484540e+00  2.98100486e+00  3.10265302e-01
   3.33480741e+00  3.74789034e+00  1.75698786e+00  2.41233915e+00
   2.26160198e+00  2.84308753e+00 -8.08464256e-01  7.97601218e-01
  -3.16602301e+00 -1.73923341e+00 -3.03300460e-01  3.51448929e+00
  -4.48211450e-01 -6.80222539e-01 -1.89461587e+00 -3.09125994e+00
   3.68252461e+00 -2.48775165e-01 -1.11264583e+00 -3.31287149e+00
   9.83064901e-01 -1.06200552e+00  3.64306307e+00  1.23598454e+00
  -2.48635569e+00 -3.96546091e+00 -1.30407633e+00 -2.80700115e+00
  -3.17916299e+00 -2.34899616e+00  3.86016046e+00  2.31046192e+00
  -1.40325115e+00 -3.22048585e+00 -3.80050197e+00  2.25857585e+00
  -3.30857362e+00 -1.58359847e+00 -3.47513222e+00 -2.68758875e+00
  -3.55711876e-01 -3.74431790e+00 -3.66810701e+00 -3.36824403e+00
  -3.76359366e+00 -3.41537451e+00 -9.76623415e-01 -1.29100568e+00
  -1.65608598e+00 -3.32409572e+00 -4.96630821e-01 -3.14165698e+00
  -1.71322197e+00 -3.05909111e-01 -4.46777005e-01  1.45931378e+00
  -1.22812034e+00 -3.69037212e+00 -3.47057694e+00  1.15856433e+00
  -2.03606086e+00 -3.85511111e-01 -2.62194406e+00  1.34798304e+00
  -1.51195709e+00  1.73829518e+00 -1.79547235e+00  1.54317462e+00
   1.10954960e+00 -1.64931941e+00  1.75797432e+00 -1.47251063e+00
  -1.28986402e+00  1.67620531e+00 -2.39669870e-01  1.80650988e-01
   6.91778881e-01 -1.82942022e-01  1.63134904e+00  1.82884977e+00
   1.43428651e+00  1.60094812e+00  1.75230668e+00  4.64326857e-01
   1.43351617e+00  1.43138441e+00  1.42782215e+00  1.73492674e+00
   1.70395009e+00  7.47685370e-02  1.82710034e+00  1.70923867e+00
  -1.11868340e-01  1.14112185e+00  9.82679506e-01  1.69883486e+00
   7.33791653e-01  1.80316095e+00  1.81840953e+00  2.85892703e-01
   1.09388890e-02  3.40608544e-01 -8.22267713e-05  2.09582869e-01
  -3.52827719e-04  1.47413722e+00  6.19443662e-01  2.64445438e-02
   7.63859684e-01  2.95005667e-02  1.68281773e+00  9.40761147e-01
   9.24913182e-03  1.61411623e+00  1.04594113e+00  3.45145694e-02
   1.49077794e+00  7.29051825e-04  3.52475534e-01  1.00877527e-02
   4.27419191e-03  1.31839708e-01  4.14122283e-02  1.91933665e-01
   7.39039595e-03  6.46626879e-01  1.67303451e+00  4.21369487e-01
   5.56612529e-01  4.42761985e-02  1.29232912e+00  7.28430003e-02
   6.19710137e-02  1.42351448e+00  1.08735728e+00  1.72484190e+00
   1.38667445e+00  5.90891086e-01  1.29900039e+00  9.65871130e-01
   1.56881569e+00  1.76930017e+00  1.29792183e+00  9.84995600e-01
   1.69277814e+00  8.93630841e-01  3.06091086e-01  1.14596763e+00
   1.91549748e+00  1.57524026e+00  1.66266665e+00  1.59850516e+00
   1.10993370e+00  1.67500495e+00  5.25296992e-01  1.03566638e+00
   1.74435925e+00  1.81971221e+00  1.11128726e+00 -8.89501086e-01
   6.66069451e-01  1.26100476e+00  1.36655852e+00 -2.08468516e+00
  -2.38718334e+00  1.66924896e+00  8.49203268e-01  1.72895893e+00
  -2.25643833e+00  1.69824962e+00 -7.63165462e-03 -3.09272026e+00
  -4.09952810e-01 -3.79499252e+00  7.61286324e-01 -2.30558737e+00
  -3.03467556e+00 -1.61502125e+00 -3.90266394e+00 -2.90841129e+00
   1.31250839e+00  2.59847860e+00 -3.50186707e+00 -2.96039129e+00
  -3.60098795e-02 -3.27807629e+00 -2.34587605e+00 -3.56919962e+00
  -3.51991588e+00 -1.23848616e+00 -3.47814659e+00 -3.65480564e+00
  -3.82629239e+00 -3.80826364e+00 -3.56242008e+00 -2.44646389e+00
  -2.51865217e+00 -3.70032292e+00 -2.98399234e+00 -3.49686963e+00
  -4.88897726e-01 -3.76272064e+00  1.42253750e+00 -3.69488964e+00
  -2.79391432e+00 -8.53390853e-01 -3.97467897e+00 -3.03195393e+00
  -7.20267166e-01  2.87171160e+00 -1.53928239e+00  2.40812143e+00
   8.91600979e-01  1.73201591e+00 -2.11632466e+00  3.06832921e+00]]
Y=[[0 0 0 0 0 0 0 0 0 0 0 0 0 0 0 0 0 0 0 0 0 0 0 0 0 0 0 0 0 0 0 0 0 0 0 0
  0 0 0 0 0 0 0 0 0 0 0 0 0 0 0 0 0 0 0 0 0 0 0 0 0 0 0 0 0 0 0 0 0 0 0 0
  0 0 0 0 0 0 0 0 0 0 0 0 0 0 0 0 0 0 0 0 0 0 0 0 0 0 0 0 0 0 0 0 0 0 0 0
  0 0 0 0 0 0 0 0 0 0 0 0 0 0 0 0 0 0 0 0 0 0 0 0 0 0 0 0 0 0 0 0 0 0 0 0
  0 0 0 0 0 0 0 0 0 0 0 0 0 0 0 0 0 0 0 0 0 0 0 0 0 0 0 0 0 0 0 0 0 0 0 0
  0 0 0 0 0 0 0 0 0 0 0 0 0 0 0 0 0 0 0 0 1 1 1 1 1 1 1 1 1 1 1 1 1 1 1 1
  1 1 1 1 1 1 1 1 1 1 1 1 1 1 1 1 1 1 1 1 1 1 1 1 1 1 1 1 1 1 1 1 1 1 1 1
  1 1 1 1 1 1 1 1 1 1 1 1 1 1 1 1 1 1 1 1 1 1 1 1 1 1 1 1 1 1 1 1 1 1 1 1
  1 1 1 1 1 1 1 1 1 1 1 1 1 1 1 1 1 1 1 1 1 1 1 1 1 1 1 1 1 1 1 1 1 1 1 1
  1 1 1 1 1 1 1 1 1 1 1 1 1 1 1 1 1 1 1 1 1 1 1 1 1 1 1 1 1 1 1 1 1 1 1 1
  1 1 1 1 1 1 1 1 1 1 1 1 1 1 1 1 1 1 1 1 1 1 1 1 1 1 1 1 1 1 1 1 1 1 1 1
  1 1 1 1]]
W1=[[-0.00445085  0.0019323 ]
 [-0.02161288  0.01854112]
 [-0.01778975 -0.00971864]
 [ 0.00564676 -0.01784282]]
W2=[[-0.01055846 -0.01353296  0.00702278  0.02599079]]
A1=[[ 0.00154919 -0.0035705  -0.0028973  ...  0.00239575 -0.00553324
   0.00267619]
 [ 0.04025309 -0.03090027 -0.02578348 ...  0.02749034 -0.04621584
   0.04107401]
 [-0.05612256  0.01158084  0.01074467 ... -0.02063044  0.01479604
  -0.04279415]
 [-0.05694546  0.02733513  0.02337123 ... -0.02968931  0.0395719
  -0.05057828]]
A2=[[0.49939444 0.50031518 0.50026887 0.50044915 0.49948608 0.50095738
  0.49949143 0.50017803 0.49954871 0.49965459 0.49946068 0.5007688
  0.49960421 0.49966001 0.49948314 0.49991986 0.49944332 0.49974697
  0.49934574 0.49941246 0.49966169 0.49960467 0.49952029 0.49946281
  0.49964379 0.49933505 0.49941087 0.49944625 0.49941683 0.49962648
  0.49937325 0.49940391 0.49936553 0.49932564 0.49940767 0.49962657
  0.49941871 0.49975827 0.50012311 0.49995551 0.49968417 0.49947981
  0.49953418 0.50010524 0.49989188 0.49963697 0.49995827 0.49999518
  0.49996305 0.50010996 0.50006904 0.49992745 0.49973426 0.49993877
  0.50002088 0.50011442 0.5000716  0.50005682 0.50010521 0.50004299
  0.50000709 0.49994773 0.50005974 0.50011068 0.50004224 0.50009262
  0.49991076 0.49986829 0.49992575 0.50003461 0.50001826 0.50008796
  0.49999236 0.49988301 0.49993516 0.49999924 0.50001957 0.49987572
  0.49990266 0.49987857 0.49994716 0.49993127 0.49987582 0.49987286
  0.49986608 0.49986748 0.49994565 0.49987869 0.49985294 0.50008537
  0.50013285 0.49988899 0.49986878 0.49986694 0.49998446 0.49991856
  0.49988027 0.49996225 0.49985612 0.50022846 0.4999296  0.50043704
  0.50017345 0.50027668 0.4998637  0.5002286  0.50044549 0.49989667
  0.5001299  0.50024782 0.49989632 0.5004411  0.50065479 0.50003498
  0.50061148 0.49997651 0.50046448 0.49992862 0.50061252 0.50060471
  0.50054933 0.50029528 0.50052717 0.50008091 0.50001703 0.50047097
  0.5001511  0.50068885 0.5003579  0.50050472 0.5006722  0.50065441
  0.50044183 0.50045641 0.50035825 0.5006353  0.50028349 0.50054672
  0.50000581 0.50039471 0.50051911 0.5005197  0.49983861 0.49989739
  0.49997432 0.50018016 0.50016166 0.4997556  0.49998693 0.49956983
  0.50025407 0.50058577 0.49929112 0.4992179  0.49949763 0.49980114
  0.49980221 0.49972428 0.49957557 0.50024914 0.499817   0.50014326
  0.49921783 0.49956222 0.49915814 0.49942273 0.49916785 0.49905811
  0.49980069 0.50028317 0.49943441 0.49919906 0.50022418 0.49915945
  0.49920596 0.49916718 0.49971757 0.49909705 0.49927588 0.49915631
  0.49938953 0.49929391 0.49935424 0.49994057 0.49924851 0.49912343
  0.49963255 0.49948365 0.499521   0.49938274 0.50016054 0.49983781
  0.50056576 0.50033566 0.5000633  0.4991614  0.50009117 0.50013795
  0.50036216 0.50057072 0.49916867 0.50005301 0.50021831 0.50058463
  0.49980199 0.5002094  0.49915111 0.49974637 0.50045821 0.50067202
  0.50025581 0.50040701 0.50047747 0.50043837 0.49912787 0.49950975
  0.50027567 0.50050257 0.50065104 0.49952069 0.50059211 0.50021688
  0.50062099 0.50049628 0.50004381 0.5006191  0.50064033 0.50052404
  0.50060632 0.50057702 0.50012651 0.50016673 0.50022248 0.50051592
  0.50006197 0.50047241 0.50023297 0.50003816 0.50005644 0.49989375
  0.50015724 0.50064629 0.50056542 0.4999088  0.5002857  0.5000475
  0.50039107 0.49989101 0.50020218 0.49992076 0.50023897 0.49991132
  0.49991445 0.50021764 0.49992393 0.50019563 0.50016574 0.49991131
  0.50003071 0.49998328 0.49993552 0.50002507 0.50001363 0.49995123
  0.49990351 0.49989553 0.49996502 0.5001294  0.50006796 0.49989997
  0.5000819  0.49993986 0.49994074 0.50007864 0.49992748 0.49993466
  0.50001574 0.4999054  0.50011547 0.49994803 0.50013266 0.49990972
  0.49996964 0.50010984 0.49994217 0.5001512  0.50000162 0.49979377
  0.49999651 0.50004005 0.50015146 0.50005821 0.50014064 0.50005798
  0.49999308 0.50012297 0.49995628 0.49993447 0.50012495 0.50006751
  0.50005281 0.49997732 0.50013876 0.50002665 0.50003072 0.49984732
  0.5000814  0.4997973  0.50003626 0.49962184 0.4993719  0.49971798
  0.49964069 0.500069   0.49940829 0.49987729 0.49990421 0.49937051
  0.49946144 0.49936947 0.4995331  0.4996173  0.49941825 0.4997033
  0.49945532 0.49936363 0.49958689 0.49949444 0.49941031 0.49973035
  0.49991328 0.49944001 0.49924072 0.49946539 0.49936052 0.49938149
  0.49965572 0.49938099 0.49967933 0.49967471 0.49937756 0.49931758
  0.49947894 0.50025208 0.4996008  0.49943037 0.49956393 0.50055369
  0.50062338 0.49940132 0.49974601 0.49935236 0.50058863 0.49938989
  0.50000547 0.50078511 0.50012091 0.50091112 0.49977055 0.50060692
  0.50075543 0.50044213 0.50091189 0.50072893 0.4995845  0.49953303
  0.50085002 0.50075072 0.5000139  0.50082048 0.50061541 0.50083723
  0.50083987 0.50026094 0.50083531 0.50084374 0.50088777 0.5009184
  0.5008563  0.50052458 0.50055123 0.50090604 0.50075987 0.50080436
  0.50010348 0.50085061 0.49973081 0.50087902 0.50061159 0.50023995
  0.50091173 0.50067558 0.50015121 0.49948078 0.50032831 0.49956053
  0.49982761 0.4996748  0.50045734 0.49945346]]
dZ2=[[ 0.49939444  0.50031518  0.50026887  0.50044915  0.49948608  0.50095738
   0.49949143  0.50017803  0.49954871  0.49965459  0.49946068  0.5007688
   0.49960421  0.49966001  0.49948314  0.49991986  0.49944332  0.49974697
   0.49934574  0.49941246  0.49966169  0.49960467  0.49952029  0.49946281
   0.49964379  0.49933505  0.49941087  0.49944625  0.49941683  0.49962648
   0.49937325  0.49940391  0.49936553  0.49932564  0.49940767  0.49962657
   0.49941871  0.49975827  0.50012311  0.49995551  0.49968417  0.49947981
   0.49953418  0.50010524  0.49989188  0.49963697  0.49995827  0.49999518
   0.49996305  0.50010996  0.50006904  0.49992745  0.49973426  0.49993877
   0.50002088  0.50011442  0.5000716   0.50005682  0.50010521  0.50004299
   0.50000709  0.49994773  0.50005974  0.50011068  0.50004224  0.50009262
   0.49991076  0.49986829  0.49992575  0.50003461  0.50001826  0.50008796
   0.49999236  0.49988301  0.49993516  0.49999924  0.50001957  0.49987572
   0.49990266  0.49987857  0.49994716  0.49993127  0.49987582  0.49987286
   0.49986608  0.49986748  0.49994565  0.49987869  0.49985294  0.50008537
   0.50013285  0.49988899  0.49986878  0.49986694  0.49998446  0.49991856
   0.49988027  0.49996225  0.49985612  0.50022846  0.4999296   0.50043704
   0.50017345  0.50027668  0.4998637   0.5002286   0.50044549  0.49989667
   0.5001299   0.50024782  0.49989632  0.5004411   0.50065479  0.50003498
   0.50061148  0.49997651  0.50046448  0.49992862  0.50061252  0.50060471
   0.50054933  0.50029528  0.50052717  0.50008091  0.50001703  0.50047097
   0.5001511   0.50068885  0.5003579   0.50050472  0.5006722   0.50065441
   0.50044183  0.50045641  0.50035825  0.5006353   0.50028349  0.50054672
   0.50000581  0.50039471  0.50051911  0.5005197   0.49983861  0.49989739
   0.49997432  0.50018016  0.50016166  0.4997556   0.49998693  0.49956983
   0.50025407  0.50058577  0.49929112  0.4992179   0.49949763  0.49980114
   0.49980221  0.49972428  0.49957557  0.50024914  0.499817    0.50014326
   0.49921783  0.49956222  0.49915814  0.49942273  0.49916785  0.49905811
   0.49980069  0.50028317  0.49943441  0.49919906  0.50022418  0.49915945
   0.49920596  0.49916718  0.49971757  0.49909705  0.49927588  0.49915631
   0.49938953  0.49929391  0.49935424  0.49994057  0.49924851  0.49912343
   0.49963255  0.49948365  0.499521    0.49938274  0.50016054  0.49983781
   0.50056576  0.50033566  0.5000633   0.4991614   0.50009117  0.50013795
   0.50036216  0.50057072 -0.50083133 -0.49994699 -0.49978169 -0.49941537
  -0.50019801 -0.4997906  -0.50084889 -0.50025363 -0.49954179 -0.49932798
  -0.49974419 -0.49959299 -0.49952253 -0.49956163 -0.50087213 -0.50049025
  -0.49972433 -0.49949743 -0.49934896 -0.50047931 -0.49940789 -0.49978312
  -0.49937901 -0.49950372 -0.49995619 -0.4993809  -0.49935967 -0.49947596
  -0.49939368 -0.49942298 -0.49987349 -0.49983327 -0.49977752 -0.49948408
  -0.49993803 -0.49952759 -0.49976703 -0.49996184 -0.49994356 -0.50010625
  -0.49984276 -0.49935371 -0.49943458 -0.5000912  -0.4997143  -0.4999525
  -0.49960893 -0.50010899 -0.49979782 -0.50007924 -0.49976103 -0.50008868
  -0.50008555 -0.49978236 -0.50007607 -0.49980437 -0.49983426 -0.50008869
  -0.49996929 -0.50001672 -0.50006448 -0.49997493 -0.49998637 -0.50004877
  -0.50009649 -0.50010447 -0.50003498 -0.4998706  -0.49993204 -0.50010003
  -0.4999181  -0.50006014 -0.50005926 -0.49992136 -0.50007252 -0.50006534
  -0.49998426 -0.5000946  -0.49988453 -0.50005197 -0.49986734 -0.50009028
  -0.50003036 -0.49989016 -0.50005783 -0.4998488  -0.49999838 -0.50020623
  -0.50000349 -0.49995995 -0.49984854 -0.49994179 -0.49985936 -0.49994202
  -0.50000692 -0.49987703 -0.50004372 -0.50006553 -0.49987505 -0.49993249
  -0.49994719 -0.50002268 -0.49986124 -0.49997335 -0.49996928 -0.50015268
  -0.4999186  -0.5002027  -0.49996374 -0.50037816 -0.5006281  -0.50028202
  -0.50035931 -0.499931   -0.50059171 -0.50012271 -0.50009579 -0.50062949
  -0.50053856 -0.50063053 -0.5004669  -0.5003827  -0.50058175 -0.5002967
  -0.50054468 -0.50063637 -0.50041311 -0.50050556 -0.50058969 -0.50026965
  -0.50008672 -0.50055999 -0.50075928 -0.50053461 -0.50063948 -0.50061851
  -0.50034428 -0.50061901 -0.50032067 -0.50032529 -0.50062244 -0.50068242
  -0.50052106 -0.49974792 -0.5003992  -0.50056963 -0.50043607 -0.49944631
  -0.49937662 -0.50059868 -0.50025399 -0.50064764 -0.49941137 -0.50061011
  -0.49999453 -0.49921489 -0.49987909 -0.49908888 -0.50022945 -0.49939308
  -0.49924457 -0.49955787 -0.49908811 -0.49927107 -0.5004155  -0.50046697
  -0.49914998 -0.49924928 -0.4999861  -0.49917952 -0.49938459 -0.49916277
  -0.49916013 -0.49973906 -0.49916469 -0.49915626 -0.49911223 -0.4990816
  -0.4991437  -0.49947542 -0.49944877 -0.49909396 -0.49924013 -0.49919564
  -0.49989652 -0.49914939 -0.50026919 -0.49912098 -0.49938841 -0.49976005
  -0.49908827 -0.49932442 -0.49984879 -0.50051922 -0.49967169 -0.50043947
  -0.50017239 -0.5003252  -0.49954266 -0.50054654]]
dW2=[[ 0.00047803  0.00411898 -0.00151436 -0.00361942]]
db2=[[-1.440701e-05]]
dZ1=[[-0.00527283 -0.00528249 -0.00528203 ...  0.00528264  0.00527424
   0.00528497]
 [-0.00674733 -0.00676428 -0.00676562 ...  0.00676576  0.00674585
   0.00676245]
 [ 0.00349609  0.00351313  0.00351287 ... -0.00351218 -0.00350741
  -0.00350879]
 [ 0.01293756  0.01299387  0.01299528 ... -0.01299238 -0.01296318
  -0.01297632]]
dW1=[[ 0.00023483 -0.00207144]
 [ 0.00031157 -0.00264497]
 [-0.00015243  0.00137791]
 [-0.00058369  0.00506875]]
db1=[[ 1.16917120e-07]
 [-1.60404631e-06]
 [-1.38100425e-07]
 [ 7.32123216e-07]]

print_count=1	update_parameters
:
W1.shape=(4, 2),b1.shape=(4, 1),W2.shape=(1, 4),b2.shape=(1, 1)
dW1.shape=(4, 2),db1.shape=(4, 1),dW2.shape=(1, 4),db2.shape=(1, 1)
W1=[[-0.00445085  0.0019323 ]
 [-0.02161288  0.01854112]
 [-0.01778975 -0.00971864]
 [ 0.00564676 -0.01784282]]
b1=[[-1.28217636e-07]
 [ 1.16508870e-06]
 [ 8.64015190e-08]
 [-3.63658142e-07]]
W2=[[-0.01055846 -0.01353296  0.00702278  0.02599079]]
b2=[[1.30707768e-05]]
dW1=[[ 0.00023483 -0.00207144]
 [ 0.00031157 -0.00264497]
 [-0.00015243  0.00137791]
 [-0.00058369  0.00506875]]
db1=[[ 1.16917120e-07]
 [-1.60404631e-06]
 [-1.38100425e-07]
 [ 7.32123216e-07]]
dW2=[[ 0.00047803  0.00411898 -0.00151436 -0.00361942]]
db2=[[-1.440701e-05]]
:
W1.shape=(4, 2),b1.shape=(4, 1),W2.shape=(1, 4),b2.shape=(1, 1)
W1=[[-0.00473265  0.00441802]
 [-0.02198676  0.02171508]
 [-0.01760683 -0.01137213]
 [ 0.00634719 -0.02392532]]
b1=[[-2.68518180e-07]
 [ 3.08994428e-06]
 [ 2.52122029e-07]
 [-1.24220600e-06]]
W2=[[-0.0111321  -0.01847573  0.00884001  0.0303341 ]]
b2=[[3.03591888e-05]]
